0 0
500 98142
1000 125059
1500 57418
2000 57558
2500 56059
3000 54887
3500 56625
4000 58986
4500 77463
5000 74332
5500 75239
6000 74331
6500 58555
7000 57227
7500 57643
8000 60389
8500 56571
9000 54812
9500 87587
10000 71314
10500 69972
11000 69826
11500 57443
12000 56015
12500 55994
13000 59447
13500 56475
14000 53794
14500 80224
15000 63496
15500 62296
16000 62352
16500 50489
17000 50744
17500 49571
18000 47790
18500 51719
19000 48099
19500 65642
20000 63077
20500 61930
21000 62364
21500 50858
22000 50392
22500 68097
23000 48174
23500 50652
24000 47758
24500 66602
25000 73106
25500 55876
26000 57024
26500 45436
27000 45361
27500 45000
28000 43950
28500 45224
29000 43841
29500 59727
30000 56359
30500 57044
31000 68125
31500 41489
32000 65027
32500 57670
33000 53474
33500 56871
34000 50774
34500 65481
35000 75995
35500 62925
36000 64212
36500 65595
37000 51787
37500 53737
38000 47704
38500 51332
39000 47573
39500 62180
40000 60884
40500 61539
41000 57323
41500 50831
42000 52344
42500 51319
43000 42753
43500 45222
44000 41305
44500 51928
45000 49441
45500 54100
46000 51649
46500 44112
47000 42764
47500 43195
48000 40579
48500 45026
49000 44019
49500 54855
50000 56668
50500 46906
51000 47848
51500 39656
52000 41135
52500 41050
53000 48776
53500 42578
54000 40401
54500 50404
55000 47786
55500 46147
56000 48232
56500 41910
57000 39907
57500 49114
58000 34108
58500 36503
59000 34194
59500 42628
60000 43454
60500 41211
61000 42313
61500 37339
62000 36290
62500 34030
63000 35024
63500 37079
64000 35957
64500 43736
65000 41068
65500 40658
66000 51753
66500 31144
67000 34161
67500 32102
68000 31107
68500 32909
69000 31907
69500 38455
70000 36274
70500 37923
71000 38215
71500 32844
72000 32289
72500 31451
73000 30000
73500 31561
74000 47824
74500 39932
75000 36233
75500 36918
76000 33439
76500 30337
77000 29344
77500 28469
78000 28792
78500 28212
79000 30249
79500 34413
80000 34889
80500 32443
81000 32515
81500 29451
82000 29941
82500 29986
83000 33507
83500 27717
84000 28584
84500 36609
85000 34077
85500 34799
86000 34296
86500 35729
87000 25656
87500 25791
88000 24118
88500 26872
89000 24060
89500 32711
90000 29136
90500 28959
91000 29881
91500 24759
92000 25441
92500 26162
93000 23845
93500 25186
94000 24747
94500 29765
95000 30594
95500 29054
96000 28799
96500 25063
97000 27571
97500 26537
98000 24264
98500 25287
99000 21822
99500 28215
100000 65399
100500 88059858
101000 86212635
101500 93568674
102000 92393428
102500 96128902
103000 98288122
103500 104775540
104000 109487680
104500 108022905
105000 120680945
105500 117342860
106000 124032079
106500 130567706
107000 129750874
107500 132809312
108000 130304308
108500 136184930
109000 146579706
109500 142434078
110000 154481533
110500 147691855
111000 158396750
111500 155697339
112000 165158663
112500 165639357
113000 175161990
113500 168278592
114000 190952112
114500 184077249
115000 245129195
115500 189685327
116000 199909234
116500 181838405
117000 201808046
117500 204536825
118000 203074903
118500 195190010
119000 199917988
119500 202690285
120000 224880394
120500 219962202
121000 229148090
121500 381763548
122000 227636456
122500 277006344
123000 349797902
123500 276495867
124000 236399243
124500 241106465
125000 241267417
125500 239041712
126000 237784715
126500 246862057
127000 329936538
127500 288174029
128000 266769750
128500 246526972
129000 242031462
129500 264904698
130000 278097905
130500 264459560
131000 264590810
131500 262270617
132000 290290041
132500 272524920
133000 273402736
133500 293912166
134000 280475300
134500 284200253
135000 283538092
135500 292748194
136000 287380906
136500 308112369
137000 311046493
137500 306972637
138000 305991610
138500 299138973
139000 305685503
139500 381353348
140000 313870003
140500 293266644
141000 314197709
141500 317109690
142000 318476816
142500 313430012
143000 344006056
143500 412860914
144000 317206602
144500 328096315
145000 353061238
145500 314575534
146000 365775724
146500 359729725
147000 340251339
147500 413972708
148000 466813070
148500 381198953
149000 360926349
149500 335398015
150000 462104346
150500 356016004
151000 356300766
151500 387710017
152000 340148950
152500 586080638
153000 533270188
153500 504265115
154000 441474976
154500 752375373
155000 626980544
155500 763270343
156000 678614311
156500 622758219
157000 600977433
157500 717295383
158000 660998502
158500 668322392
159000 744911835
159500 643537538
160000 731853334
160500 635352560
161000 651941581
161500 625964169
162000 634035931
162500 618406995
163000 658399735
163500 662918063
164000 667656062
164500 957929158
165000 667521698
165500 663493455
166000 759394600
166500 758768433
167000 665691352
167500 703035887
168000 595298468
168500 680531153
169000 644348157
169500 906558684
170000 884237374
170500 744493487
171000 822975497
171500 813154032
172000 712861563
172500 710865194
173000 705758074
173500 745023987
174000 823713827
174500 897892101
175000 660481811
175500 630613384
176000 649516029
176500 647974478
177000 652504147
177500 640990413
178000 666862863
178500 682904291
179000 650657529
179500 666296722
180000 662523857
180500 635763292
181000 655454014
181500 696808414
182000 688091917
182500 816225780
183000 680925130
183500 653918870
184000 696421400
184500 695553084
185000 701961492
185500 695240649
186000 692883827
186500 711305853
187000 722745484
187500 796765767
188000 1032594806
188500 1051416691
189000 1263005057
189500 1094896215
190000 1265060085
190500 894072399
191000 742862045
191500 786864369
192000 761248877
192500 818438633
193000 823715058
193500 822805059
194000 820340260
194500 822964131
195000 791134493
195500 1011310526
196000 1032085835
196500 1012349100
197000 946613684
197500 845519434
198000 794712559
198500 840484506
199000 797964097
199500 833411263
200000 805476886
200500 801224004
201000 869654774
201500 994061905
202000 1148426769
202500 1367100836
203000 1188528642
203500 947515993
204000 985623080
204500 1057980380
205000 974055174
205500 1008600349
206000 956549321
206500 1081402116
207000 1157378331
207500 924361757
208000 1018717882
208500 1094211651
209000 1061470119
209500 1059365058
210000 1032290383
210500 869282415
211000 947679137
211500 847743039
212000 794767740
212500 864029718
213000 708737893
213500 685523780
214000 785887704
214500 1179403445
215000 1319705118
215500 676172558
216000 634211874
216500 647098335
217000 682771568
217500 632799357
218000 638096070
218500 612628251
219000 718643052
219500 697639883
220000 669775812
220500 650039314
221000 629441749
221500 860773839
222000 721393421
222500 715506831
223000 638501966
223500 685354937
224000 641862925
224500 616404259
225000 632715171
225500 650717177
226000 614982769
226500 598873414
227000 654827364
227500 607463195
228000 577824555
228500 615348131
229000 560967519
229500 584938470
230000 553907025
230500 615567511
231000 576891410
231500 525876298
232000 493540974
232500 525797215
233000 571026023
233500 471762160
234000 520180959
234500 512928088
235000 572643493
235500 571485897
236000 586559245
236500 494888403
237000 475203375
237500 481826233
238000 541036885
238500 502145345
239000 458178496
239500 462217328
240000 447070865
240500 403121594
241000 403323703
241500 401407561
242000 398892863
242500 461241926
243000 476851244
243500 386117762
244000 381375340
244500 369198712
245000 351677595
245500 346365651
246000 357232183
246500 332195813
247000 333864423
247500 351280546
248000 340476141
248500 345547793
249000 307918705
249500 296451496
250000 296224260
250500 284315418
251000 293583547
251500 287077194
252000 278461480
252500 288296151
253000 278806918
253500 264241567
254000 269493861
254500 254232473
255000 267091829
255500 268874040
256000 265090256
256500 248977828
257000 236450014
257500 245422131
258000 231159460
258500 243217906
259000 217924204
259500 213134056
260000 214104638
260500 210921544
261000 177469071
261500 182121926
262000 176478425
262500 191372606
263000 204884356
263500 188936885
264000 165528167
264500 157375234
265000 153289677
265500 150868934
266000 162015512
266500 152094953
267000 148466950
267500 146669314
268000 140676397
268500 139670825
269000 135862058
269500 137788560
270000 130698761
270500 128306175
271000 125912538
271500 120665260
272000 134244070
272500 125733674
273000 121088523
273500 118782362
274000 112593568
274500 111257622
275000 102707227
275500 103903229
276000 100805530
276500 96593542
277000 100566851
277500 91358043
278000 90828802
278500 91893977
279000 91794070
279500 89726388
280000 82032844
280500 83455952
281000 78230130
281500 79676233
282000 74469092
282500 73622690
283000 70485740
283500 69047709
284000 66747996
284500 64276591
285000 59978579
285500 58759789
286000 60393213
286500 56325923
287000 53675879
287500 49742678
288000 48138855
288500 45961744
289000 45157986
289500 42053543
290000 40524704
290500 39381425
291000 36828290
291500 35120747
292000 32189648
292500 29031790
293000 27882948
293500 25424961
294000 22624654
294500 21366724
295000 19667050
295500 16501290
296000 15135049
296500 12951002
297000 9750471
297500 8672392
298000 5713721
298500 4750157
299000 3150929
299500 1643889
299997 416016
