0 0
500 9472
1000 6791
1500 8508
2000 5825
2500 10366
3000 6234
3500 5369
4000 5208
4500 14684
5000 7409
5500 8999
6000 8278
6500 4953
7000 8942
7500 5264
8000 5528
8500 24965
9000 5089
9500 5852
10000 7586
10500 7997
11000 5950
11500 7250
12000 4898
12500 7346
13000 4552
13500 4311
14000 3834
14500 4813
15000 6980
15500 7508
16000 5234
16500 41512
17000 4626
17500 3831
18000 4289
18500 3981
19000 4645
19500 7539
20000 7234
20500 7956
21000 4676
21500 4322
22000 4759
22500 3864
23000 4128
23500 3818
24000 3817
24500 4800
25000 7661
25500 7616
26000 4780
26500 4218
27000 4765
27500 3895
28000 6779
28500 4480
29000 8889
29500 10288
30000 8111
30500 7503
31000 4718
31500 4493
32000 4725
32500 4353
33000 97276
33500 5145
34000 7389
34500 5142
35000 7814
35500 11550
36000 9930
36500 4001
37000 5750
37500 3982
38000 5548
38500 4272
39000 4206
39500 5139
40000 7610
40500 8406
41000 5142
41500 5374
42000 4438
42500 4163
43000 5314
43500 7615
44000 7667
44500 5467
45000 7906
45500 8018
46000 5369
46500 4258
47000 5106
47500 4739
48000 6031
48500 4127
49000 4005
49500 5135
50000 9293
50500 8226
51000 6544
51500 4310
52000 4950
52500 3990
53000 4574
53500 4781
54000 3963
54500 4874
55000 7384
55500 7880
56000 5233
56500 7246
57000 4883
57500 4335
58000 4582
58500 3999
59000 3959
59500 4610
60000 20219
60500 7553
61000 4990
61500 4151
62000 4938
62500 3851
63000 5048
63500 4211
64000 4148
64500 4302
65000 7034
65500 7337
66000 177984
66500 4714
67000 5295
67500 4134
68000 4646
68500 3837
69000 4059
69500 4905
70000 7889
70500 7837
71000 5280
71500 5131
72000 5129
72500 3846
73000 4568
73500 3985
74000 4259
74500 5161
75000 7214
75500 7616
76000 5044
76500 4207
77000 5050
77500 4116
78000 4790
78500 3829
79000 5168
79500 4881
80000 7753
80500 7759
81000 5259
81500 3839
82000 4282
82500 5112
83000 6087
83500 4724
84000 6257
84500 5049
85000 8869
85500 9408
86000 5250
86500 4671
87000 5575
87500 4424
88000 5045
88500 4041
89000 4279
89500 5061
90000 8198
90500 8398
91000 5565
91500 4144
92000 4459
92500 3956
93000 4834
93500 4691
94000 3951
94500 4599
95000 7431
95500 8036
96000 5176
96500 4086
97000 5381
97500 3939
98000 4597
98500 4856
99000 3979
99500 4703
100000 5696
100500 123195
101000 105993
101500 102201
102000 98778
102500 97852
103000 92459
103500 92481
104000 90099
104500 86365
105000 101596
105500 86821
106000 123936
106500 113647
107000 115792
107500 115314
108000 118780
108500 120269
109000 122517
109500 91265
110000 96724
110500 94788
111000 88754
111500 87934
112000 98888
112500 88699
113000 93096
113500 98522
114000 91530
114500 89264
115000 108045
115500 84664
116000 82608
116500 82119
117000 83219
117500 82688
118000 87004
118500 88836
119000 87189
119500 86678
120000 88488
120500 84851
121000 83843
121500 78461
122000 82920
122500 89299
123000 83560
123500 84048
124000 86034
124500 93037
125000 88658
125500 80156
126000 77338
126500 77158
127000 79663
127500 79707
128000 78491
128500 81406
129000 77738
129500 76244
130000 76738
130500 77430
131000 85693
131500 82612
132000 76118
132500 77451
133000 78579
133500 77831
134000 77813
134500 79620
135000 75972
135500 77809
136000 82453
136500 75543
137000 74267
137500 81682
138000 76349
138500 77770
139000 81470
139500 76405
140000 75753
140500 83724
141000 76352
141500 74049
142000 73802
142500 75845
143000 79443
143500 77630
144000 77225
144500 75605
145000 80392
145500 78461
146000 75666
146500 76771
147000 76088
147500 79227
148000 76096
148500 80288
149000 85119
149500 77543
150000 82278
150500 79085
151000 75918
151500 79382
152000 74012
152500 78904
153000 82466
153500 77962
154000 76199
154500 75650
155000 73048
155500 78263
156000 80309
156500 74345
157000 75164
157500 79497
158000 78326
158500 76770
159000 77088
159500 74959
160000 74184
160500 77424
161000 75237
161500 75603
162000 77949
162500 76333
163000 77282
163500 77713
164000 77503
164500 75449
165000 73751
165500 77326
166000 75858
166500 75537
167000 88242
167500 77901
168000 76228
168500 77100
169000 77773
169500 76516
170000 74320
170500 78924
171000 75701
171500 74850
172000 74279
172500 77589
173000 77868
173500 77009
174000 75919
174500 74622
175000 77840
175500 76267
176000 78290
176500 74973
177000 77883
177500 77800
178000 82231
178500 79425
179000 75723
179500 78517
180000 80389
180500 75735
181000 74506
181500 74241
182000 78343
182500 81006
183000 78897
183500 77139
184000 77279
184500 75526
185000 83311
185500 83604
186000 75179
186500 74861
187000 80360
187500 79841
188000 78841
188500 79421
189000 76860
189500 92787
190000 78571
190500 88624
191000 78766
191500 78157
192000 103966
192500 79056
193000 77371
193500 77236
194000 87598
194500 78182
195000 75944
195500 77778
196000 78016
196500 78879
197000 76921
197500 76146
198000 77378
198500 76734
199000 77137
199500 78081
200000 478088
200500 82868782
201000 82200613
201500 82226787
202000 81125697
202500 80720261
203000 80296449
203500 83442278
204000 79753285
204500 79031565
205000 78790261
205500 82366852
206000 78145427
206500 78868798
207000 77122388
207500 78520132
208000 76094480
208500 75675881
209000 75162909
209500 74729299
210000 74339232
210500 73879509
211000 73697784
211500 73046270
212000 75203732
212500 73284515
213000 74519929
213500 71620995
214000 71263659
214500 70718034
215000 70098859
215500 69682364
216000 69344994
216500 68863895
217000 68456016
217500 69269054
218000 67605338
218500 67203510
219000 67446510
219500 69422291
220000 68193804
220500 66156321
221000 65662303
221500 67400837
222000 67958695
222500 69209776
223000 65027136
223500 64582568
224000 63708768
224500 62376619
225000 61797892
225500 61379583
226000 61147785
226500 60449983
227000 60827058
227500 60575640
228000 61273308
228500 59277605
229000 58622298
229500 58205545
230000 57994784
230500 57255977
231000 72506084
231500 70903620
232000 60684620
232500 55562581
233000 55368836
233500 54688884
234000 54347566
234500 53671249
235000 53244762
235500 55708197
236000 53781079
236500 55689694
237000 51767563
237500 51216099
238000 50835144
238500 50444576
239000 49916475
239500 49472805
240000 49094026
240500 48706036
241000 48201936
241500 47788669
242000 47602879
242500 46894743
243000 46551489
243500 46123577
244000 45687262
244500 45254853
245000 44818070
245500 46182020
246000 44303383
246500 43675414
247000 46679125
247500 42813201
248000 42322868
248500 41859335
249000 41458565
249500 40985665
250000 40594014
250500 40278080
251000 39779505
251500 39333925
252000 38973515
252500 38691653
253000 38159466
253500 37637085
254000 37265764
254500 36796101
255000 37289997
255500 36048943
256000 35539593
256500 35077581
257000 58722307
257500 53736522
258000 60981729
258500 57166699
259000 58608893
259500 44655825
260000 32180409
260500 32148948
261000 31704333
261500 31194502
262000 30860276
262500 30882625
263000 30100539
263500 29622946
264000 29452518
264500 28929098
265000 28650030
265500 27673728
266000 27103112
266500 26485340
267000 26025491
267500 25865357
268000 25207095
268500 24817443
269000 24370722
269500 23922207
270000 23501730
270500 23018250
271000 22553338
271500 22276653
272000 21892674
272500 21295547
273000 20892354
273500 20418416
274000 20794470
274500 20525135
275000 19041965
275500 27014718
276000 29673088
276500 28239001
277000 29745420
277500 28347035
278000 27759932
278500 26365353
279000 25738696
279500 27201444
280000 26525412
280500 26209261
281000 25724537
281500 26366356
282000 25050485
282500 23596118
283000 23244433
283500 22139018
284000 22053781
284500 21272812
285000 20369181
285500 20054956
286000 19422214
286500 18591979
287000 17862209
287500 14703667
288000 16611580
288500 15789308
289000 14365652
289500 14539470
290000 12683771
290500 13092815
291000 11824646
291500 11954071
292000 10479054
292500 9633138
293000 9144170
293500 8501591
294000 8148483
294500 7362006
295000 6652755
295500 5846761
296000 5412306
296500 4737468
297000 4109349
297500 3472254
298000 2654641
298500 2449621
299000 1419025
299500 838961
299997 304317
