0 0
500 624515
1000 2348825
1500 3849107
2000 5609042
2500 7032993
3000 8624401
3500 10490857
4000 11845125
4500 12704068
5000 14418708
5500 16630414
6000 17577509
6500 17950663
7000 20015029
7500 22107990
8000 24084746
8500 25320613
9000 27440586
9500 30644763
10000 31912465
10500 33623821
11000 35075972
11500 36696384
12000 38498920
12500 36746560
13000 37394771
13500 39110917
14000 40356824
14500 41952605
15000 43182516
15500 45029710
16000 46672234
16500 47635955
17000 48882216
17500 50384096
18000 51847978
18500 53258917
19000 54875296
19500 57467544
20000 58716496
20500 59648046
21000 65606173
21500 62202876
22000 63684501
22500 65276087
23000 66345389
23500 67695661
24000 69313438
24500 70543923
25000 72206715
25500 73484705
26000 74992232
26500 77035150
27000 82033041
27500 80018340
28000 88258727
28500 84078027
29000 84002539
29500 85120780
30000 86617061
30500 88189452
31000 89735677
31500 91148120
32000 92657483
32500 94440507
33000 96606765
33500 103438595
34000 99998722
34500 99507909
35000 101227392
35500 102632052
36000 104088923
36500 105334632
37000 106762250
37500 110650232
38000 112054331
38500 114315463
39000 113684520
39500 114463894
40000 115984854
40500 117263403
41000 118766360
41500 120265674
42000 125688492
42500 131300443
43000 124931054
43500 126211014
44000 127672119
44500 128785245
45000 130317150
45500 131771493
46000 135989313
46500 147272734
47000 136697839
47500 137596441
48000 139294438
48500 140772839
49000 142043455
49500 149694070
50000 149436694
50500 146268202
51000 147785330
51500 149867275
52000 150666844
52500 153677367
53000 158015860
53500 155536602
54000 156636738
54500 158076890
55000 159444657
55500 161092989
56000 169919933
56500 169960146
57000 166078736
57500 167365405
58000 168494513
58500 172176185
59000 178368984
59500 183575936
60000 174767366
60500 176122467
61000 177484277
61500 184309309
62000 186737303
62500 183557155
63000 184924236
63500 187264947
64000 187912659
64500 203277877
65000 196066917
65500 196848565
66000 198708508
66500 201266486
67000 209885810
67500 205828431
68000 209649073
68500 210439875
69000 216828317
69500 227912145
70000 214312238
70500 215367309
71000 221180705
71500 228333753
72000 237631305
72500 223685137
73000 225826033
73500 231721216
74000 243658022
74500 231644369
75000 233166773
75500 236364602
76000 249398553
76500 240348425
77000 241767714
77500 243139550
78000 263698267
78500 252139701
79000 250236741
79500 253652198
80000 262005130
80500 257147466
81000 260002631
81500 266761952
82000 292537710
82500 268804836
83000 284645834
83500 277967121
84000 290969258
84500 275530073
85000 280701204
85500 296786012
86000 283394355
86500 286186836
87000 297963109
87500 301457499
88000 295253404
88500 304122461
89000 313404626
89500 304208746
90000 309657106
90500 319203463
91000 312721632
91500 313270073
92000 328890487
92500 320968413
93000 323034975
93500 341199400
94000 328962416
94500 333455016
95000 353222991
95500 339235707
96000 342048343
96500 366450646
97000 352379943
97500 357709885
98000 376464857
98500 360580566
99000 372503976
99500 379049818
100000 392843384
100500 75416590
101000 83504231
101500 80484235
102000 79615775
102500 76837482
103000 78137185
103500 75381294
104000 74042034
104500 78465154
105000 73720799
105500 76884727
106000 75619156
106500 73743633
107000 76624455
107500 81655363
108000 81852356
108500 81450068
109000 78886468
109500 77473435
110000 74305801
110500 78924107
111000 77790428
111500 75717872
112000 75343702
112500 76284585
113000 77127376
113500 81490195
114000 77273021
114500 75465292
115000 83250334
115500 78297233
116000 76588973
116500 79535661
117000 76949461
117500 77221865
118000 77380257
118500 74895661
119000 75639495
119500 76485821
120000 74005741
120500 75990981
121000 79648586
121500 78521403
122000 75082117
122500 79478793
123000 74905429
123500 75682340
124000 81632241
124500 75742510
125000 74425245
125500 78060510
126000 77175091
126500 78735568
127000 78246641
127500 78465690
128000 80341451
128500 80565975
129000 81296238
129500 76914341
130000 73517126
130500 75672513
131000 75236915
131500 77626408
132000 74417265
132500 73201819
133000 80715803
133500 78966433
134000 81777620
134500 78056513
135000 80244978
135500 80276148
136000 74532443
136500 72787561
137000 73694539
137500 75771550
138000 77409608
138500 80540403
139000 77075876
139500 81304540
140000 81424254
140500 74982027
141000 87390215
141500 72445754
142000 77288298
142500 77270179
143000 76276542
143500 77391173
144000 78239539
144500 77478958
145000 75188673
145500 78004912
146000 81368919
146500 74888489
147000 73234290
147500 86207885
148000 75075113
148500 70928374
149000 75852553
149500 78327669
150000 78962400
150500 74813869
151000 75298482
151500 78628588
152000 76088841
152500 83012335
153000 82564040
153500 82510175
154000 85408640
154500 76817980
155000 93183179
155500 94842433
156000 83553483
156500 77405368
157000 79546657
157500 75328737
158000 78764904
158500 84420408
159000 82444831
159500 85733240
160000 82407515
160500 82779876
161000 77560086
161500 77561628
162000 81477807
162500 83724836
163000 81487716
163500 78660317
164000 80838378
164500 82499059
165000 84702105
165500 85968931
166000 78564165
166500 77326475
167000 79137060
167500 91904585
168000 94482469
168500 80046311
169000 80203243
169500 79115379
170000 81338627
170500 80310054
171000 80245745
171500 78356034
172000 79530035
172500 79347976
173000 74594876
173500 74230713
174000 77140491
174500 83182437
175000 80454638
175500 73002412
176000 78442972
176500 76650844
177000 79704897
177500 80235814
178000 76913586
178500 83594658
179000 75628401
179500 80610512
180000 79682649
180500 79808369
181000 75667782
181500 80942438
182000 80117260
182500 72080249
183000 73342510
183500 77570233
184000 79723332
184500 86646196
185000 83279721
185500 87101003
186000 88333921
186500 77704400
187000 79206627
187500 77994831
188000 82063479
188500 85660914
189000 81181328
189500 79818095
190000 81989972
190500 79193191
191000 79834413
191500 79339278
192000 78417889
192500 91206758
193000 85421251
193500 99939888
194000 91972771
194500 77883676
195000 78609931
195500 79625388
196000 77599766
196500 76570554
197000 86858485
197500 90101333
198000 95492465
198500 99114123
199000 90933345
199500 97953155
200000 89794823
200500 218304
201000 811330
201500 1555438
202000 2168584
202500 3227808
203000 3489797
203500 4083848
204000 4820269
204500 5354939
205000 6221423
205500 7045123
206000 7596874
206500 8710045
207000 9499383
207500 10342631
208000 11178054
208500 11992491
209000 12642721
209500 13369763
210000 14037960
210500 14817788
211000 16056817
211500 16179058
212000 17131395
212500 17704839
213000 18216745
213500 19533044
214000 19814508
214500 20546576
215000 21180921
215500 22003911
216000 22596666
216500 23329545
217000 24487225
217500 25331958
218000 26384989
218500 26299966
219000 27370060
219500 27860534
220000 28302903
220500 29155437
221000 29664030
221500 30481768
222000 31004061
222500 32016878
223000 32342749
223500 33074015
224000 35891496
224500 34440163
225000 35304668
225500 35911437
226000 36560873
226500 37499347
227000 38313064
227500 38755759
228000 39255484
228500 40763859
229000 41049874
229500 41675693
230000 43245906
230500 43000783
231000 43895735
231500 45678065
232000 45134005
232500 45911278
233000 48018619
233500 49387968
234000 50452568
234500 49833534
235000 50492633
235500 50856869
236000 51642117
236500 52436112
237000 52959648
237500 53647732
238000 54591470
238500 55072493
239000 57339045
239500 57130283
240000 57116459
240500 57886111
241000 59081057
241500 59627627
242000 67180873
242500 69064370
243000 61523212
243500 62210206
244000 62123563
244500 62825653
245000 63436016
245500 64009664
246000 65305895
246500 65594003
247000 68423114
247500 69463367
248000 69023949
248500 70032575
249000 72927316
249500 71017222
250000 70464931
250500 71494272
251000 72817273
251500 77266032
252000 74485085
252500 74018847
253000 74914764
253500 75727784
254000 80305869
254500 79404116
255000 79224729
255500 82186879
256000 80515902
256500 81106929
257000 82067090
257500 81770147
258000 83517079
258500 88352493
259000 87416854
259500 88354421
260000 90312213
260500 91284696
261000 90938244
261500 93799195
262000 91242120
262500 93255733
263000 94531481
263500 91792909
264000 92592074
264500 94310023
265000 95863407
265500 100210559
266000 97345603
266500 101347951
267000 100829685
267500 102073382
268000 103483525
268500 104837783
269000 104601445
269500 114413169
270000 114469531
270500 111668770
271000 110653522
271500 110214004
272000 109681488
272500 114793599
273000 116549236
273500 117133275
274000 120814783
274500 123341604
275000 142932394
275500 128184829
276000 118199722
276500 119103217
277000 120167164
277500 129549594
278000 129895423
278500 130604172
279000 126326538
279500 131029228
280000 131456356
280500 139707337
281000 158453488
281500 173104788
282000 138976203
282500 132439936
283000 142317127
283500 135186000
284000 138850442
284500 134583506
285000 137161991
285500 140565596
286000 143602787
286500 150445648
287000 141666206
287500 142537485
288000 144774169
288500 188762626
289000 184643283
289500 192688762
290000 162512983
290500 156148919
291000 157395624
291500 156513307
292000 160465893
292500 162147319
293000 160970599
293500 162053640
294000 164402588
294500 168079938
295000 172596719
295500 172711765
296000 171878675
296500 172487586
297000 176835155
297500 177743250
298000 181602057
298500 185177343
299000 183663048
299500 184725647
299997 184582294
