0 0
500 62438
1000 27952
1500 21133
2000 21226
2500 27922
3000 26414
3500 21216
4000 22128
4500 26338
5000 24755
5500 24177
6000 24730
6500 29774
7000 20808
7500 25889
8000 24627
8500 20566
9000 22138
9500 25955
10000 26129
10500 21207
11000 22302
11500 18452
12000 17915
12500 22658
13000 22538
13500 18304
14000 17946
14500 22655
15000 22133
15500 27160
16000 23236
16500 18445
17000 17784
17500 22819
18000 23148
18500 18425
19000 17228
19500 22858
20000 22530
20500 22423
21000 22303
21500 19200
22000 18001
22500 22586
23000 21848
23500 18319
24000 26398
24500 23370
25000 22486
25500 22184
26000 22499
26500 18574
27000 18076
27500 22549
28000 22173
28500 18649
29000 19636
29500 22790
30000 23195
30500 22942
31000 22380
31500 18707
32000 18979
32500 24351
33000 24328
33500 19497
34000 22391
34500 22328
35000 21648
35500 25635
36000 27972
36500 23761
37000 19765
37500 22285
38000 25567
38500 20079
39000 25231
39500 28665
40000 27986
40500 26062
41000 28319
41500 29261
42000 19916
42500 24549
43000 25045
43500 22144
44000 20584
44500 20716
45000 20450
45500 21740
46000 24610
46500 23518
47000 21555
47500 26846
48000 24484
48500 19708
49000 18802
49500 19329
50000 19536
50500 19517
51000 25032
51500 21778
52000 22093
52500 22695
53000 23304
53500 18903
54000 19231
54500 18091
55000 18180
55500 18237
56000 23413
56500 23117
57000 22998
57500 22757
58000 23115
58500 18944
59000 18522
59500 18148
60000 18492
60500 18767
61000 23084
61500 22657
62000 23011
62500 22689
63000 22796
63500 18924
64000 18647
64500 18038
65000 18350
65500 18636
66000 23238
66500 21691
67000 24082
67500 22285
68000 22731
68500 18880
69000 19349
69500 19036
70000 18705
70500 19180
71000 23523
71500 21479
72000 22198
72500 23629
73000 28613
73500 33088
74000 23576
74500 23408
75000 21314
75500 22496
76000 23136
76500 22595
77000 23500
77500 21931
78000 21886
78500 23113
79000 23500
79500 22220
80000 22855
80500 22573
81000 21403
81500 22296
82000 22784
82500 21365
83000 21513
83500 22417
84000 22586
84500 22917
85000 22979
85500 23312
86000 21427
86500 22394
87000 21700
87500 23096
88000 22610
88500 21072
89000 22941
89500 22854
90000 22827
90500 22491
91000 22709
91500 22368
92000 23179
92500 22282
93000 22708
93500 22183
94000 22801
94500 21703
95000 27684
95500 23678
96000 21358
96500 22650
97000 23929
97500 21237
98000 23613
98500 22440
99000 22389
99500 23445
100000 23646
100500 90627
101000 84445
101500 79501
102000 79940
102500 82020
103000 81680
103500 81001
104000 82917
104500 76882
105000 83789
105500 81138
106000 80879
106500 84701
107000 83242
107500 79515
108000 85200
108500 80477
109000 79279
109500 77631
110000 80215
110500 78831
111000 78175
111500 80240
112000 81567
112500 76619
113000 77582
113500 79488
114000 83752
114500 87404
115000 84753
115500 80253
116000 83769
116500 82832
117000 82412
117500 80535
118000 81620
118500 82604
119000 81366
119500 80147
120000 85677
120500 83238
121000 80134
121500 84638
122000 92177
122500 82875
123000 83994
123500 84003
124000 80723
124500 91073
125000 84035
125500 81947
126000 82672
126500 75657
127000 75895
127500 75034
128000 75621
128500 73490
129000 74972
129500 75204
130000 76425
130500 76273
131000 75398
131500 75436
132000 77404
132500 74390
133000 71384
133500 73269
134000 71615
134500 72432
135000 71405
135500 69691
136000 74706
136500 75439
137000 77911
137500 74153
138000 76477
138500 68452
139000 71970
139500 71038
140000 70186
140500 74135
141000 71533
141500 75435
142000 70974
142500 69935
143000 76167
143500 72557
144000 69933
144500 71342
145000 73609
145500 74464
146000 75952
146500 77697
147000 78148
147500 72443
148000 75374
148500 85362
149000 117881
149500 69519
150000 72843
150500 75619
151000 73754
151500 74146
152000 74422
152500 71341
153000 76590
153500 77255
154000 75214
154500 78028
155000 72294
155500 78088
156000 76698
156500 77471
157000 72707
157500 76931
158000 88109
158500 76499
159000 83093
159500 77356
160000 81213
160500 114295
161000 134248
161500 88244
162000 127958
162500 110730
163000 104414
163500 101402
164000 105584
164500 138693
165000 124338
165500 107818
166000 107145
166500 118238
167000 126853
167500 99720
168000 112895
168500 107473
169000 104423
169500 105106
170000 104452
170500 104573
171000 104235
171500 100525
172000 101599
172500 97504
173000 113356
173500 102767
174000 98747
174500 94539
175000 99076
175500 105314
176000 99078
176500 99471
177000 99375
177500 95211
178000 95616
178500 94465
179000 96103
179500 93962
180000 92666
180500 93907
181000 95064
181500 92360
182000 90624
182500 98609
183000 94515
183500 94189
184000 95471
184500 88565
185000 91076
185500 90860
186000 89616
186500 92579
187000 91304
187500 92558
188000 101825
188500 88679
189000 90588
189500 93888
190000 90234
190500 89284
191000 89013
191500 96319
192000 96574
192500 95449
193000 96122
193500 91633
194000 97270
194500 91720
195000 93948
195500 93112
196000 93039
196500 98813
197000 87777
197500 90646
198000 88170
198500 95331
199000 89082
199500 90132
200000 92313
200500 46428
201000 45109
201500 47754
202000 50126
202500 46239
203000 47672
203500 45955
204000 46589
204500 46495
205000 48843
205500 58007
206000 42712
206500 45682
207000 48573
207500 48874
208000 36375
208500 52569
209000 52010
209500 45383
210000 51723
210500 43901
211000 34282
211500 45188
212000 41672
212500 42661
213000 33847
213500 43369
214000 44832
214500 42135
215000 43421
215500 40555
216000 42344
216500 40941
217000 43307
217500 42748
218000 40089
218500 43387
219000 43996
219500 39007
220000 45158
220500 37212
221000 27855
221500 35740
222000 37279
222500 38960
223000 38838
223500 37430
224000 31345
224500 30322
225000 37317
225500 30218
226000 36796
226500 28435
227000 30111
227500 31028
228000 36648
228500 40268
229000 36101
229500 35935
230000 38416
230500 26835
231000 26283
231500 33718
232000 27015
232500 28903
233000 26747
233500 32980
234000 26129
234500 27149
235000 27181
235500 26297
236000 25932
236500 26827
237000 26768
237500 26271
238000 25202
238500 26823
239000 38586
239500 31845
240000 25874
240500 23086
241000 23151
241500 22198
242000 25260
242500 22842
243000 26220
243500 23495
244000 25292
244500 26242
245000 24253
245500 25099
246000 22976
246500 22854
247000 23556
247500 27375
248000 24621
248500 24122
249000 25031
249500 22658
250000 25851
250500 21658
251000 20062
251500 20832
252000 19959
252500 20146
253000 21510
253500 20136
254000 20811
254500 20179
255000 20009
255500 20426
256000 21371
256500 19984
257000 21031
257500 20466
258000 20564
258500 20030
259000 20040
259500 20333
260000 20739
260500 18304
261000 17724
261500 18308
262000 18876
262500 18506
263000 18085
263500 17999
264000 17722
264500 17960
265000 19328
265500 18715
266000 17572
266500 18364
267000 19048
267500 18353
268000 18143
268500 18608
269000 18508
269500 17819
270000 19446
270500 16195
271000 15753
271500 16352
272000 15826
272500 15692
273000 15786
273500 16295
274000 16560
274500 16231
275000 16524
275500 16409
276000 16248
276500 16523
277000 16137
277500 16158
278000 15991
278500 16652
279000 15533
279500 16195
280000 15749
280500 14687
281000 14473
281500 14679
282000 14279
282500 14876
283000 14417
283500 14269
284000 14317
284500 15068
285000 14724
285500 14803
286000 14231
286500 15699
287000 15234
287500 15606
288000 14939
288500 14754
289000 16921
289500 14963
290000 16277
290500 15783
291000 17601
291500 27287
292000 15042
292500 17996
293000 16723
293500 15336
294000 11069
294500 17624
295000 17592
295500 16609
296000 17315
296500 16390
297000 15027
297500 16586
298000 16660
298500 16254
299000 16229
299500 17695
299997 16328
