0 0
500 68509
1000 95903
1500 80794
2000 115418
2500 127416
3000 89241
3500 101965
4000 88688
4500 127769
5000 270749
5500 115712
6000 106921
6500 107211
7000 116879
7500 109417
8000 116525
8500 157808
9000 136521
9500 122376
10000 160304
10500 156616
11000 140100
11500 115046
12000 125614
12500 119659
13000 119734
13500 124362
14000 119396
14500 114982
15000 120265
15500 120241
16000 119681
16500 120654
17000 135037
17500 137066
18000 137704
18500 142082
19000 135031
19500 137246
20000 137519
20500 137540
21000 136573
21500 138614
22000 136601
22500 136790
23000 135815
23500 136193
24000 136921
24500 136363
25000 134895
25500 138615
26000 136136
26500 137860
27000 136959
27500 137312
28000 134681
28500 136252
29000 134507
29500 154525
30000 134211
30500 134485
31000 133704
31500 134021
32000 132531
32500 170620
33000 145231
33500 151187
34000 150956
34500 152721
35000 152944
35500 151278
36000 151654
36500 155706
37000 169455
37500 151975
38000 152545
38500 151908
39000 160065
39500 152359
40000 151823
40500 157194
41000 157500
41500 154413
42000 157483
42500 155673
43000 156950
43500 156391
44000 154254
44500 150608
45000 150615
45500 151559
46000 152086
46500 149638
47000 151304
47500 151698
48000 157938
48500 155526
49000 151109
49500 150578
50000 153201
50500 151188
51000 154219
51500 158282
52000 151632
52500 149288
53000 153258
53500 151306
54000 151910
54500 155946
55000 156416
55500 158532
56000 149657
56500 159969
57000 156774
57500 162592
58000 204823
58500 188763
59000 156168
59500 167945
60000 161609
60500 155750
61000 157881
61500 157680
62000 155004
62500 155852
63000 153747
63500 156839
64000 153396
64500 154469
65000 151305
65500 157344
66000 172342
66500 176267
67000 177976
67500 177545
68000 174421
68500 174623
69000 173142
69500 174492
70000 175544
70500 174353
71000 173363
71500 174391
72000 175402
72500 172106
73000 173940
73500 175028
74000 173615
74500 173321
75000 245915
75500 254854
76000 246080
76500 251233
77000 246828
77500 237688
78000 179699
78500 184268
79000 182441
79500 202172
80000 201597
80500 174108
81000 178395
81500 174080
82000 185572
82500 175380
83000 187808
83500 178859
84000 181327
84500 179863
85000 173725
85500 173968
86000 183700
86500 176240
87000 181324
87500 190772
88000 189126
88500 177781
89000 176676
89500 175195
90000 187066
90500 179258
91000 184708
91500 181226
92000 184933
92500 182641
93000 183982
93500 183586
94000 186432
94500 174559
95000 180139
95500 175225
96000 183481
96500 178555
97000 181790
97500 179420
98000 186287
98500 192961
99000 273873
99500 205180
100000 191323
100500 387445
101000 314378
101500 291824
102000 282727
102500 285432
103000 272664
103500 277615
104000 274665
104500 259489
105000 268624
105500 269433
106000 260595
106500 269992
107000 264182
107500 257712
108000 264840
108500 263934
109000 261754
109500 257204
110000 264462
110500 259800
111000 261205
111500 273489
112000 286728
112500 276764
113000 269765
113500 266878
114000 269599
114500 252929
115000 254470
115500 260367
116000 257286
116500 257309
117000 258712
117500 251795
118000 256920
118500 256715
119000 250182
119500 256218
120000 248368
120500 250653
121000 251504
121500 267010
122000 260341
122500 267302
123000 264587
123500 248778
124000 255446
124500 253378
125000 253965
125500 249861
126000 253681
126500 258876
127000 291421
127500 386006
128000 313431
128500 313631
129000 301971
129500 286335
130000 278024
130500 270613
131000 294279
131500 270727
132000 260841
132500 272140
133000 260257
133500 260973
134000 250827
134500 259552
135000 255851
135500 256956
136000 258416
136500 261562
137000 253373
137500 257812
138000 256217
138500 258834
139000 261442
139500 264298
140000 260373
140500 266765
141000 255848
141500 255989
142000 261676
142500 263314
143000 260094
143500 244871
144000 250578
144500 274990
145000 247652
145500 251304
146000 253346
146500 254256
147000 243675
147500 246476
148000 250352
148500 248771
149000 250458
149500 244957
150000 254892
150500 245869
151000 254338
151500 254079
152000 249698
152500 241018
153000 241594
153500 239092
154000 237613
154500 241745
155000 245844
155500 250349
156000 325844
156500 318107
157000 306379
157500 293508
158000 283386
158500 282928
159000 261668
159500 265909
160000 257539
160500 260005
161000 254644
161500 269959
162000 253449
162500 259099
163000 260266
163500 253471
164000 256595
164500 263949
165000 256653
165500 256786
166000 249960
166500 249036
167000 259990
167500 252848
168000 275341
168500 250836
169000 270568
169500 261415
170000 269891
170500 261375
171000 263766
171500 258768
172000 247192
172500 252822
173000 260437
173500 252379
174000 246330
174500 275442
175000 244176
175500 246521
176000 244797
176500 245317
177000 247599
177500 246008
178000 242293
178500 245294
179000 256809
179500 254558
180000 260679
180500 263213
181000 255032
181500 252340
182000 248337
182500 244363
183000 251972
183500 274000
184000 258800
184500 291287
185000 321234
185500 308373
186000 307283
186500 300775
187000 294097
187500 281257
188000 264831
188500 263172
189000 254059
189500 255858
190000 258002
190500 251625
191000 263845
191500 256582
192000 255556
192500 257102
193000 253301
193500 256956
194000 256222
194500 256603
195000 280973
195500 249610
196000 262629
196500 257193
197000 245080
197500 250561
198000 259587
198500 256136
199000 256722
199500 267408
200000 259312
200500 79976
201000 74891
201500 74719
202000 75628
202500 76682
203000 72199
203500 76885
204000 76371
204500 80216
205000 75189
205500 71513
206000 75200
206500 70855
207000 73641
207500 72042
208000 72688
208500 69697
209000 72643
209500 69644
210000 70565
210500 72772
211000 70547
211500 73978
212000 71995
212500 76162
213000 76602
213500 77097
214000 77339
214500 71925
215000 70090
215500 71792
216000 72027
216500 71214
217000 75054
217500 76795
218000 74560
218500 76734
219000 75533
219500 70472
220000 72991
220500 72044
221000 69345
221500 72077
222000 71379
222500 78171
223000 78826
223500 77095
224000 73635
224500 71148
225000 71312
225500 72729
226000 72698
226500 71474
227000 71683
227500 72947
228000 74594
228500 73359
229000 71163
229500 71273
230000 70527
230500 68848
231000 71682
231500 71082
232000 73228
232500 74951
233000 72945
233500 76728
234000 76494
234500 71789
235000 71331
235500 71460
236000 70974
236500 70230
237000 71978
237500 70777
238000 72547
238500 71234
239000 75527
239500 73772
240000 74664
240500 80980
241000 79367
241500 89396
242000 76778
242500 75469
243000 80454
243500 79356
244000 75756
244500 77023
245000 75830
245500 74128
246000 72589
246500 74660
247000 73747
247500 72319
248000 72891
248500 73658
249000 74952
249500 76406
250000 72779
250500 73712
251000 73822
251500 72893
252000 72619
252500 73276
253000 75726
253500 72858
254000 75366
254500 72329
255000 75919
255500 74224
256000 72068
256500 74620
257000 75751
257500 73416
258000 72601
258500 72317
259000 83558
259500 76067
260000 73830
260500 73896
261000 73030
261500 74147
262000 71594
262500 74451
263000 73431
263500 72109
264000 74578
264500 72594
265000 72758
265500 78115
266000 74681
266500 73648
267000 73156
267500 73257
268000 71157
268500 71331
269000 71828
269500 70353
270000 69663
270500 69567
271000 70323
271500 67809
272000 74243
272500 73094
273000 69940
273500 67218
274000 72111
274500 72531
275000 70183
275500 69145
276000 80592
276500 69450
277000 74304
277500 72640
278000 71935
278500 68769
279000 69652
279500 80150
280000 78629
280500 75294
281000 74335
281500 69862
282000 74029
282500 72734
283000 69325
283500 77631
284000 73716
284500 69908
285000 72701
285500 72497
286000 71656
286500 73478
287000 71438
287500 70646
288000 82906
288500 67557
289000 68882
289500 68746
290000 68719
290500 70789
291000 72257
291500 68580
292000 68713
292500 70743
293000 72116
293500 71402
294000 69457
294500 68361
295000 65998
295500 70260
296000 71170
296500 80397
297000 78942
297500 75683
298000 73564
298500 73363
299000 71267
299500 74738
299997 77141
