0 0
500 52439
1000 50530
1500 54003
2000 49690
2500 49426
3000 44865
3500 36252
4000 38820
4500 31156
5000 38845
5500 37328
6000 31861
6500 34235
7000 34109
7500 33528
8000 33865
8500 34135
9000 33990
9500 43094
10000 27666
10500 42675
11000 33088
11500 32435
12000 32420
12500 47889
13000 33551
13500 32280
14000 32181
14500 35997
15000 32136
15500 32056
16000 32036
16500 32290
17000 32675
17500 31887
18000 32465
18500 32268
19000 32188
19500 60655
20000 33967
20500 41839
21000 29091
21500 29295
22000 29528
22500 53213
23000 37062
23500 29626
24000 29555
24500 29326
25000 30175
25500 29087
26000 29585
26500 32101
27000 29493
27500 30104
28000 29956
28500 29203
29000 29425
29500 29019
30000 29866
30500 29510
31000 31677
31500 26429
32000 26460
32500 25782
33000 26084
33500 25757
34000 26159
34500 26020
35000 28009
35500 26769
36000 26457
36500 26260
37000 26906
37500 26294
38000 32312
38500 28541
39000 27390
39500 27671
40000 38395
40500 25280
41000 38527
41500 25070
42000 30556
42500 22068
43000 22367
43500 26069
44000 25125
44500 23261
45000 23032
45500 25650
46000 21041
46500 33353
47000 35653
47500 22885
48000 20458
48500 36599
49000 32787
49500 35010
50000 34719
50500 39954
51000 34784
51500 25839
52000 25143
52500 25921
53000 24421
53500 25765
54000 25707
54500 25624
55000 25723
55500 26216
56000 25612
56500 25608
57000 24888
57500 24691
58000 25091
58500 25169
59000 26122
59500 24469
60000 25256
60500 24390
61000 24037
61500 25129
62000 23780
62500 23711
63000 24593
63500 25273
64000 24164
64500 25341
65000 25192
65500 25536
66000 25449
66500 24773
67000 24753
67500 24651
68000 25131
68500 24655
69000 25279
69500 24384
70000 24853
70500 24668
71000 23960
71500 24811
72000 24004
72500 23469
73000 23841
73500 25224
74000 24402
74500 23787
75000 25992
75500 24488
76000 25578
76500 24330
77000 25191
77500 24881
78000 37418
78500 25833
79000 25401
79500 24455
80000 24271
80500 23569
81000 25073
81500 24180
82000 24913
82500 24737
83000 24657
83500 24586
84000 24635
84500 24449
85000 24211
85500 23979
86000 24316
86500 24425
87000 24558
87500 24342
88000 24657
88500 24357
89000 24486
89500 24315
90000 24532
90500 23736
91000 24273
91500 25141
92000 24149
92500 24445
93000 24304
93500 23955
94000 24660
94500 24257
95000 24174
95500 24488
96000 24510
96500 24514
97000 25567
97500 24458
98000 24577
98500 24444
99000 24242
99500 24401
100000 69369
100500 1447201
101000 196241
101500 173067
102000 173568
102500 172058
103000 173466
103500 174736
104000 174636
104500 171570
105000 176121
105500 175314
106000 177246
106500 171353
107000 175747
107500 173032
108000 176099
108500 185493
109000 174880
109500 176363
110000 192938
110500 180244
111000 177811
111500 175423
112000 177668
112500 180302
113000 180372
113500 181293
114000 177666
114500 176779
115000 179446
115500 175848
116000 177897
116500 177007
117000 176853
117500 177519
118000 178723
118500 185547
119000 176759
119500 180085
120000 183804
120500 180693
121000 179250
121500 179291
122000 175911
122500 178415
123000 179537
123500 178764
124000 182316
124500 176456
125000 177483
125500 177036
126000 180436
126500 180302
127000 206262
127500 219867
128000 243863
128500 243387
129000 263234
129500 224837
130000 224081
130500 217692
131000 210543
131500 206961
132000 204694
132500 200617
133000 202516
133500 195770
134000 210124
134500 191720
135000 194583
135500 191797
136000 190713
136500 192362
137000 187707
137500 185663
138000 186178
138500 186358
139000 183135
139500 179188
140000 186583
140500 180193
141000 180662
141500 179386
142000 176560
142500 189602
143000 178556
143500 179887
144000 180685
144500 179146
145000 186686
145500 188049
146000 184647
146500 191019
147000 187909
147500 192553
148000 197000
148500 193178
149000 186270
149500 185366
150000 188253
150500 194393
151000 182799
151500 185004
152000 185228
152500 187871
153000 184646
153500 179221
154000 181991
154500 181081
155000 184184
155500 179922
156000 185071
156500 178315
157000 178138
157500 189021
158000 179691
158500 179346
159000 196636
159500 186540
160000 186426
160500 188703
161000 183461
161500 182955
162000 177059
162500 180870
163000 182260
163500 178956
164000 179893
164500 177379
165000 188725
165500 191847
166000 181339
166500 194625
167000 201819
167500 232336
168000 215999
168500 258814
169000 271752
169500 232910
170000 228322
170500 227766
171000 226527
171500 216343
172000 212240
172500 216039
173000 217216
173500 217038
174000 229214
174500 217523
175000 221977
175500 202171
176000 202926
176500 202595
177000 209444
177500 199744
178000 197875
178500 198247
179000 192704
179500 197098
180000 191501
180500 188181
181000 188093
181500 202692
182000 191280
182500 186914
183000 186643
183500 183430
184000 190695
184500 189781
185000 185523
185500 195718
186000 193110
186500 192508
187000 190134
187500 198511
188000 190992
188500 184400
189000 183387
189500 185929
190000 179893
190500 186794
191000 179127
191500 179285
192000 179681
192500 180297
193000 179212
193500 190695
194000 186743
194500 187780
195000 179132
195500 187309
196000 182034
196500 183710
197000 181204
197500 185755
198000 191398
198500 183636
199000 181178
199500 195694
200000 182547
200500 26498
201000 31476
201500 24805
202000 25163
202500 24213
203000 24296
203500 23697
204000 23626
204500 23876
205000 24538
205500 24849
206000 23612
206500 22685
207000 23703
207500 23200
208000 23533
208500 24102
209000 28382
209500 24419
210000 23502
210500 24134
211000 22948
211500 23775
212000 23674
212500 22549
213000 23804
213500 24192
214000 24856
214500 20703
215000 24169
215500 23905
216000 24310
216500 23541
217000 23844
217500 23069
218000 23558
218500 23440
219000 24670
219500 26001
220000 24116
220500 23072
221000 23773
221500 24515
222000 22977
222500 24771
223000 29498
223500 23246
224000 23715
224500 24228
225000 25284
225500 24982
226000 23980
226500 23446
227000 22881
227500 23731
228000 23930
228500 25414
229000 24623
229500 23689
230000 23874
230500 24491
231000 24344
231500 22092
232000 29243
232500 25972
233000 25409
233500 26018
234000 26197
234500 30592
235000 29034
235500 22790
236000 22685
236500 30375
237000 30293
237500 31461
238000 30952
238500 32025
239000 32026
239500 26542
240000 25679
240500 26955
241000 33868
241500 32278
242000 27312
242500 28817
243000 33426
243500 36866
244000 30074
244500 23399
245000 22176
245500 21559
246000 21484
246500 21900
247000 20261
247500 20655
248000 22604
248500 35606
249000 22991
249500 20624
250000 22690
250500 26764
251000 26533
251500 25797
252000 24949
252500 26545
253000 25709
253500 27302
254000 25191
254500 25956
255000 26170
255500 27293
256000 24683
256500 26133
257000 27674
257500 24841
258000 25170
258500 27637
259000 26152
259500 26005
260000 25806
260500 25078
261000 25742
261500 25744
262000 25753
262500 25625
263000 26496
263500 25669
264000 26201
264500 25151
265000 25882
265500 26775
266000 25726
266500 24980
267000 26333
267500 25053
268000 25217
268500 26380
269000 27259
269500 25726
270000 25517
270500 25909
271000 26066
271500 24929
272000 35432
272500 26902
273000 26794
273500 25262
274000 25480
274500 26443
275000 24916
275500 26980
276000 25093
276500 24447
277000 26155
277500 24647
278000 26691
278500 25447
279000 25789
279500 26178
280000 25854
280500 26827
281000 25514
281500 25194
282000 25907
282500 26645
283000 25670
283500 26093
284000 25238
284500 25322
285000 26792
285500 27100
286000 25818
286500 25475
287000 25600
287500 25285
288000 25895
288500 26831
289000 24830
289500 27019
290000 27694
290500 27280
291000 26029
291500 25380
292000 24703
292500 27562
293000 25577
293500 25035
294000 26519
294500 25647
295000 27060
295500 25473
296000 26114
296500 25101
297000 25363
297500 26044
298000 26074
298500 25273
299000 26456
299500 28343
299997 30723
