0 0
500 47775
1000 75424
1500 139091
2000 22763
2500 15786
3000 247389
3500 18360
4000 24887
4500 17230
5000 16977
5500 475606
6000 16011
6500 22610
7000 20910
7500 21034
8000 20814
8500 20269
9000 22127
9500 18055
10000 16221
10500 24784
11000 817298
11500 20683
12000 21456
12500 19645
13000 18765
13500 28553
14000 15780
14500 12739
15000 12217
15500 11679
16000 11455
16500 17168
17000 12284
17500 15648
18000 15561
18500 15631
19000 15544
19500 15806
20000 15578
20500 15595
21000 15476
21500 15624
22000 1363957
22500 14282
23000 15453
23500 43591
24000 13078
24500 14055
25000 13934
25500 15769
26000 13882
26500 14513
27000 14493
27500 13983
28000 13807
28500 25365
29000 14704
29500 13968
30000 14010
30500 13671
31000 13815
31500 13826
32000 14001
32500 14299
33000 13581
33500 13758
34000 13675
34500 22235
35000 14239
35500 13656
36000 13755
36500 13793
37000 13516
37500 13773
38000 13387
38500 14068
39000 14017
39500 14097
40000 13898
40500 13990
41000 13505
41500 13838
42000 13697
42500 14714
43000 14271
43500 15933
44000 2421046
44500 14001
45000 59372
45500 13463
46000 14013
46500 15039
47000 14835
47500 15339
48000 14905
48500 14796
49000 14412
49500 13714
50000 13746
50500 13700
51000 14121
51500 14444
52000 14514
52500 15476
53000 15085
53500 13834
54000 15531
54500 14919
55000 14126
55500 14151
56000 13730
56500 14782
57000 13904
57500 14165
58000 13670
58500 14225
59000 13914
59500 14262
60000 13650
60500 13818
61000 13719
61500 35190
62000 13176
62500 13894
63000 13868
63500 13886
64000 13656
64500 13996
65000 14223
65500 13798
66000 13921
66500 14089
67000 13480
67500 14036
68000 13475
68500 14714
69000 14730
69500 14548
70000 14049
70500 16716
71000 14753
71500 14653
72000 14070
72500 13986
73000 13987
73500 14247
74000 13830
74500 14009
75000 14530
75500 13927
76000 14020
76500 14363
77000 13923
77500 14023
78000 13774
78500 10737
79000 13967
79500 16032
80000 14837
80500 13991
81000 13555
81500 14107
82000 14448
82500 14141
83000 13763
83500 14051
84000 14095
84500 14379
85000 13896
85500 13942
86000 13614
86500 13765
87000 14642
87500 13871
88000 5052914
88500 14373
89000 15048
89500 29053
90000 28267
90500 27670
91000 28945
91500 27437
92000 27943
92500 27449
93000 25232
93500 27434
94000 27431
94500 14797
95000 14504
95500 14134
96000 13957
96500 14226
97000 14049
97500 14202
98000 14690
98500 13739
99000 14237
99500 14172
100000 30645
100500 28235
101000 32689
101500 34672
102000 33136
102500 33357
103000 33140
103500 32357
104000 32583
104500 31362
105000 33607
105500 30920
106000 32453
106500 31675
107000 73486
107500 32467
108000 30430
108500 30612
109000 29093
109500 27449
110000 28218
110500 26743
111000 27385
111500 25270
112000 25546
112500 25965
113000 26272
113500 25044
114000 25840
114500 24518
115000 25121
115500 25131
116000 25793
116500 24146
117000 24460
117500 23839
118000 23946
118500 24596
119000 23516
119500 24036
120000 24581
120500 23848
121000 23589
121500 22963
122000 22276
122500 23502
123000 23150
123500 23302
124000 24519
124500 22527
125000 22351
125500 20886
126000 21630
126500 21954
127000 21638
127500 21795
128000 21783
128500 21138
129000 20269
129500 20609
130000 20865
130500 21632
131000 21131
131500 22544
132000 20310
132500 21262
133000 20578
133500 20359
134000 21012
134500 21268
135000 19932
135500 21214
136000 20517
136500 48953
137000 20711
137500 21726
138000 20734
138500 17911
139000 18908
139500 18140
140000 18631
140500 17860
141000 25282
141500 18251
142000 18420
142500 17520
143000 19391
143500 18902
144000 17864
144500 17703
145000 17828
145500 18843
146000 17383
146500 18174
147000 17110
147500 18604
148000 14203
148500 18871
149000 18117
149500 17306
150000 17835
150500 17751
151000 18587
151500 17151
152000 17823
152500 16950
153000 17449
153500 17863
154000 17681
154500 17151
155000 17218
155500 16912
156000 17743
156500 18128
157000 18657
157500 18437
158000 17054
158500 39068
159000 18190
159500 17708
160000 17519
160500 16835
161000 16512
161500 17020
162000 17232
162500 17002
163000 17055
163500 17684
164000 17319
164500 16947
165000 16903
165500 17006
166000 17306
166500 16030
167000 17832
167500 16675
168000 17364
168500 16999
169000 16544
169500 16907
170000 17067
170500 16802
171000 17199
171500 16528
172000 19035
172500 53879
173000 16072
173500 16520
174000 16594
174500 16718
175000 16982
175500 17528
176000 17410
176500 16790
177000 17398
177500 16334
178000 16640
178500 16203
179000 16846
179500 18163
180000 17136
180500 17222
181000 17173
181500 16761
182000 17365
182500 16480
183000 16638
183500 16658
184000 17191
184500 16319
185000 15299
185500 17612
186000 18123
186500 17327
187000 16992
187500 17081
188000 17667
188500 16787
189000 16187
189500 16511
190000 15897
190500 16163
191000 16672
191500 14833
192000 16894
192500 16658
193000 16458
193500 16430
194000 16841
194500 16725
195000 16195
195500 17282
196000 17780
196500 16771
197000 16728
197500 26213
198000 18007
198500 16062
199000 16842
199500 17162
200000 16801
200500 11242
201000 11326
201500 11081
202000 10294
202500 11332
203000 11388
203500 11270
204000 11269
204500 11347
205000 11277
205500 11277
206000 11624
206500 11177
207000 11442
207500 11484
208000 11568
208500 11275
209000 11717
209500 11245
210000 11351
210500 10569
211000 11249
211500 11314
212000 11546
212500 11320
213000 12870
213500 11193
214000 11283
214500 11287
215000 11300
215500 11010
216000 11262
216500 11219
217000 11373
217500 11406
218000 11469
218500 11318
219000 11469
219500 11318
220000 11466
220500 11126
221000 11414
221500 11439
222000 11308
222500 11090
223000 11134
223500 11253
224000 11247
224500 11286
225000 11610
225500 11220
226000 11784
226500 11681
227000 11640
227500 11304
228000 11368
228500 33661
229000 12910
229500 10199
230000 10527
230500 10463
231000 10466
231500 10516
232000 10264
232500 11752
233000 12040
233500 11405
234000 11403
234500 11314
235000 11437
235500 11177
236000 11269
236500 11179
237000 11399
237500 12017
238000 11036
238500 11640
239000 11883
239500 12059
240000 11787
240500 11805
241000 11701
241500 11208
242000 11704
242500 11200
243000 11536
243500 11240
244000 11469
244500 11373
245000 12714
245500 10913
246000 10657
246500 11345
247000 11427
247500 11994
248000 11532
248500 11337
249000 11601
249500 11501
250000 11291
250500 11618
251000 11515
251500 11194
252000 11263
252500 11889
253000 11478
253500 22876
254000 12760
254500 11580
255000 12072
255500 11333
256000 11733
256500 11346
257000 11427
257500 12124
258000 11396
258500 11187
259000 11420
259500 11589
260000 20823
260500 11916
261000 11385
261500 11332
262000 11453
262500 11255
263000 11452
263500 11334
264000 11450
264500 11218
265000 11601
265500 11405
266000 11401
266500 11408
267000 11526
267500 12190
268000 11433
268500 11494
269000 11880
269500 11823
270000 11573
270500 11404
271000 11694
271500 11503
272000 11546
272500 11632
273000 11416
273500 11348
274000 11470
274500 11316
275000 11548
275500 11340
276000 11610
276500 11474
277000 11494
277500 11406
278000 12528
278500 11632
279000 11711
279500 11384
280000 11572
280500 11850
281000 11624
281500 11519
282000 11737
282500 11418
283000 11484
283500 11521
284000 11614
284500 11357
285000 11521
285500 11565
286000 11682
286500 11723
287000 12449
287500 11570
288000 11530
288500 11563
289000 11370
289500 11339
290000 11704
290500 11784
291000 11897
291500 11533
292000 11983
292500 11542
293000 11545
293500 11550
294000 11678
294500 11526
295000 13166
295500 12170
296000 12971
296500 12138
297000 11818
297500 11505
298000 11839
298500 12180
299000 11541
299500 11899
299997 11561
