0 0
500 25004
1000 24870
1500 24668
2000 25066
2500 26855
3000 25695
3500 25363
4000 25134
4500 30494
5000 24900
5500 26049
6000 26707
6500 26309
7000 27262
7500 27941
8000 28435
8500 33500
9000 27948
9500 28135
10000 28823
10500 27985
11000 28128
11500 28970
12000 30233
12500 29046
13000 29655
13500 29247
14000 30563
14500 29588
15000 30252
15500 30055
16000 30227
16500 54163
17000 32316
17500 32002
18000 31166
18500 31499
19000 31267
19500 32408
20000 32121
20500 36299
21000 35736
21500 33144
22000 33032
22500 33242
23000 32755
23500 33086
24000 33394
24500 33026
25000 34250
25500 33832
26000 33290
26500 33845
27000 34005
27500 33783
28000 35074
28500 34543
29000 34129
29500 36834
30000 37252
30500 39215
31000 36432
31500 35782
32000 36078
32500 35967
33000 67286
33500 37736
34000 37800
34500 37166
35000 37193
35500 38627
36000 43437
36500 37056
37000 39392
37500 37859
38000 37793
38500 37050
39000 38468
39500 38850
40000 39265
40500 38889
41000 38153
41500 40169
42000 40305
42500 39537
43000 37509
43500 39952
44000 39721
44500 40704
45000 39816
45500 40225
46000 41177
46500 39943
47000 42385
47500 41057
48000 40810
48500 41402
49000 41307
49500 41498
50000 41044
50500 41290
51000 41319
51500 41778
52000 41082
52500 41655
53000 42155
53500 40211
54000 41741
54500 41620
55000 40860
55500 41658
56000 41121
56500 41955
57000 41840
57500 40221
58000 40974
58500 41000
59000 42245
59500 40840
60000 41215
60500 42626
61000 43193
61500 40761
62000 41395
62500 41574
63000 42248
63500 42359
64000 44603
64500 42279
65000 43021
65500 43346
66000 100758
66500 42891
67000 42034
67500 41927
68000 43195
68500 42748
69000 43292
69500 43659
70000 42585
70500 42237
71000 43295
71500 43477
72000 45152
72500 43877
73000 42185
73500 43568
74000 43915
74500 43230
75000 43974
75500 43966
76000 44508
76500 42699
77000 43569
77500 43447
78000 43287
78500 44033
79000 43587
79500 43616
80000 42842
80500 43985
81000 44365
81500 44392
82000 43193
82500 43248
83000 43344
83500 44959
84000 45175
84500 43786
85000 44191
85500 43926
86000 45133
86500 44810
87000 44702
87500 46934
88000 50500
88500 44057
89000 45031
89500 44272
90000 45051
90500 45636
91000 43659
91500 44750
92000 44445
92500 44681
93000 44686
93500 53979
94000 47072
94500 45491
95000 44399
95500 44507
96000 45655
96500 44844
97000 44912
97500 45381
98000 45197
98500 46219
99000 44454
99500 44964
100000 45154
100500 45495
101000 44245
101500 46987
102000 46135
102500 46595
103000 45465
103500 45467
104000 46240
104500 48339
105000 53723
105500 45986
106000 45479
106500 45421
107000 46641
107500 45901
108000 45730
108500 54711
109000 47256
109500 46502
110000 46276
110500 45768
111000 47848
111500 46719
112000 46741
112500 47600
113000 46397
113500 45565
114000 45515
114500 46446
115000 48153
115500 47288
116000 46609
116500 47258
117000 46724
117500 46311
118000 46468
118500 46189
119000 46411
119500 46379
120000 45992
120500 46746
121000 46397
121500 46241
122000 46354
122500 45173
123000 49552
123500 54186
124000 48449
124500 46710
125000 47294
125500 46501
126000 46935
126500 47965
127000 47032
127500 47681
128000 46881
128500 48397
129000 46935
129500 48508
130000 48366
130500 48484
131000 48731
131500 174032
132000 49981
132500 49315
133000 47721
133500 47119
134000 48136
134500 50065
135000 55765
135500 47434
136000 47364
136500 47922
137000 48750
137500 47463
138000 60011
138500 55393
139000 47719
139500 47508
140000 46349
140500 46921
141000 46533
141500 45364
142000 46882
142500 44658
143000 45098
143500 44654
144000 45465
144500 45953
145000 45229
145500 44752
146000 46047
146500 46125
147000 45304
147500 46417
148000 44517
148500 45009
149000 45222
149500 45498
150000 47165
150500 46690
151000 46635
151500 47033
152000 45819
152500 47094
153000 46430
153500 45484
154000 45366
154500 45252
155000 46474
155500 46957
156000 46098
156500 47528
157000 45532
157500 46353
158000 45464
158500 47149
159000 44638
159500 45066
160000 44538
160500 46804
161000 46235
161500 54240
162000 45691
162500 49342
163000 47618
163500 51935
164000 50801
164500 49893
165000 50036
165500 48763
166000 48928
166500 54863
167000 47390
167500 48282
168000 48917
168500 48295
169000 49360
169500 50557
170000 48047
170500 48269
171000 47882
171500 48483
172000 49361
172500 50066
173000 49667
173500 49238
174000 50432
174500 49266
175000 50597
175500 48985
176000 49467
176500 49195
177000 48572
177500 49310
178000 49069
178500 48467
179000 48841
179500 49856
180000 50097
180500 47780
181000 49457
181500 49154
182000 50077
182500 49844
183000 50580
183500 50129
184000 49628
184500 49117
185000 48340
185500 49919
186000 50681
186500 49301
187000 49419
187500 50882
188000 50564
188500 51518
189000 50292
189500 49718
190000 50543
190500 49230
191000 49624
191500 49369
192000 50646
192500 48927
193000 49569
193500 49325
194000 49515
194500 49231
195000 49609
195500 49420
196000 49574
196500 51584
197000 48498
197500 51272
198000 50065
198500 49325
199000 48499
199500 47471
199998 50001
