0 0
500 23661
1000 34016
1500 63124
2000 12377
2500 11413
3000 89494
3500 12246
4000 16860
4500 16321
5000 16077
5500 162533
6000 15024
6500 13978
7000 14487
7500 12584
8000 14295
8500 14031
9000 13491
9500 10944
10000 15226
10500 16341
11000 311938
11500 11359
12000 15544
12500 14315
13000 15634
13500 11474
14000 15508
14500 13819
15000 13745
15500 10891
16000 15164
16500 14079
17000 14125
17500 11471
18000 14533
18500 13956
19000 13782
19500 10965
20000 10451
20500 10537
21000 15016
21500 11008
22000 622282
22500 16919
23000 15212
23500 12301
24000 12717
24500 12402
25000 15074
25500 11912
26000 15169
26500 14677
27000 14286
27500 11944
28000 11234
28500 11164
29000 13152
29500 12110
30000 14382
30500 14685
31000 13831
31500 14505
32000 13997
32500 14540
33000 14090
33500 14092
34000 13823
34500 14656
35000 13674
35500 14355
36000 13876
36500 14017
37000 13683
37500 14239
38000 14173
38500 14033
39000 13765
39500 13989
40000 14178
40500 14025
41000 13828
41500 14286
42000 14609
42500 13983
43000 13877
43500 14066
44000 1276326
44500 16198
45000 14224
45500 15602
46000 14729
46500 15130
47000 14959
47500 14694
48000 14289
48500 14679
49000 14220
49500 14128
50000 14111
50500 26812
51000 16159
51500 14467
52000 14069
52500 14926
53000 14574
53500 15880
54000 14992
54500 14762
55000 14975
55500 14528
56000 14884
56500 14490
57000 16481
57500 15697
58000 14806
58500 14310
59000 13924
59500 14308
60000 14565
60500 14569
61000 14317
61500 14162
62000 14232
62500 14341
63000 14897
63500 14891
64000 14311
64500 14552
65000 14688
65500 14586
66000 14152
66500 14422
67000 14260
67500 14779
68000 14442
68500 14559
69000 14355
69500 14722
70000 13104
70500 17891
71000 14977
71500 15193
72000 14742
72500 14733
73000 14663
73500 14696
74000 14383
74500 14734
75000 14441
75500 14838
76000 14173
76500 15202
77000 14639
77500 14247
78000 14584
78500 14635
79000 15264
79500 14543
80000 14851
80500 14826
81000 15106
81500 14935
82000 14495
82500 15159
83000 14556
83500 14298
84000 14615
84500 16317
85000 17946
85500 14793
86000 14780
86500 14446
87000 14370
87500 15096
88000 2447815
88500 19253
89000 17274
89500 17174
90000 16819
90500 28794
91000 20277
91500 17915
92000 18781
92500 16059
93000 15646
93500 17203
94000 16331
94500 16808
95000 16345
95500 16404
96000 16239
96500 18078
97000 16968
97500 17345
98000 16612
98500 16328
99000 16786
99500 16828
100000 15739
100500 20294
101000 18239
101500 19170
102000 17886
102500 20364
103000 24157
103500 18364
104000 19083
104500 19030
105000 18726
105500 18550
106000 18247
106500 18037
107000 18039
107500 18128
108000 17288
108500 17876
109000 18027
109500 19186
110000 18135
110500 17334
111000 17104
111500 17475
112000 18306
112500 16950
113000 17101
113500 17991
114000 21701
114500 22472
115000 16817
115500 16545
116000 18914
116500 17512
117000 17319
117500 16905
118000 17155
118500 26973
119000 17433
119500 17337
120000 17407
120500 16882
121000 16481
121500 16644
122000 17517
122500 18574
123000 17365
123500 18812
124000 17347
124500 16615
125000 16843
125500 16592
126000 17506
126500 16688
127000 16710
127500 17321
128000 16886
128500 16974
129000 17931
129500 16793
130000 17005
130500 16659
131000 17701
131500 18134
132000 19483
132500 17940
133000 18146
133500 18221
134000 16648
134500 17447
135000 17471
135500 17617
136000 16931
136500 17571
137000 17931
137500 17493
138000 17311
138500 18567
139000 16689
139500 16738
140000 16166
140500 16512
141000 17229
141500 16969
142000 16506
142500 17066
143000 16681
143500 16379
144000 17299
144500 16442
145000 16695
145500 16180
146000 17332
146500 16272
147000 16550
147500 16454
148000 16117
148500 16610
149000 16831
149500 15946
150000 18442
150500 16137
151000 15461
151500 16254
152000 15860
152500 16326
153000 16963
153500 19375
154000 16914
154500 15865
155000 16416
155500 15902
156000 15990
156500 16024
157000 16118
157500 16328
158000 15231
158500 15870
159000 16352
159500 15968
160000 15765
160500 16110
161000 16610
161500 16420
162000 16814
162500 16588
163000 15934
163500 15687
164000 17039
164500 16557
165000 15711
165500 16610
166000 16796
166500 15087
167000 16469
167500 16840
168000 17154
168500 16455
169000 16216
169500 17663
170000 16767
170500 16296
171000 16708
171500 15820
172000 16041
172500 15779
173000 19470
173500 15161
174000 15197
174500 16556
175000 16404
175500 4912026
176000 26084
176500 43384
177000 21801
177500 20939
178000 21270
178500 22520
179000 21598
179500 20745
180000 21736
180500 20514
181000 21721
181500 22672
182000 22202
182500 21461
183000 21117
183500 21819
184000 21990
184500 21506
185000 25794
185500 22385
186000 26858
186500 29003
187000 21919
187500 18155
188000 20139
188500 19997
189000 20776
189500 20699
190000 19408
190500 19395
191000 19770
191500 19667
192000 18783
192500 20137
193000 20785
193500 19747
194000 19843
194500 19438
195000 21100
195500 19397
196000 18735
196500 19394
197000 19999
197500 18523
198000 18750
198500 18373
199000 18958
199500 20513
199998 17690
