0 0
500 28377
1000 23333
1500 26890
2000 22897
2500 21348
3000 26374
3500 20071
4000 26943
4500 21034
5000 20999
5500 20653
6000 26996
6500 23473
7000 26594
7500 24481
8000 23059
8500 23985
9000 39098
9500 33864
10000 28525
10500 23775
11000 27889
11500 38363
12000 25294
12500 24316
13000 23662
13500 27591
14000 24384
14500 23994
15000 27278
15500 42860
16000 38352
16500 31318
17000 33091
17500 32848
18000 30028
18500 30046
19000 29028
19500 33978
20000 32330
20500 29822
21000 32568
21500 27755
22000 28458
22500 27843
23000 33894
23500 31031
24000 36075
24500 29147
25000 31991
25500 27518
26000 28725
26500 36744
27000 28836
27500 32869
28000 32932
28500 28287
29000 32795
29500 27733
30000 27743
30500 29849
31000 27509
31500 34609
32000 31836
32500 30781
33000 38565
33500 31366
34000 29985
34500 28786
35000 28926
35500 32608
36000 39382
36500 29175
37000 33198
37500 29643
38000 30155
38500 31550
39000 36789
39500 34849
40000 33797
40500 31584
41000 35940
41500 31607
42000 31653
42500 31816
43000 36154
43500 32543
44000 36922
44500 31278
45000 34661
45500 45844
46000 46492
46500 40960
47000 41122
47500 38704
48000 38742
48500 48012
49000 42336
49500 42108
50000 41031
50500 39024
51000 42429
51500 40355
52000 38261
52500 40610
53000 38954
53500 39647
54000 39221
54500 38677
55000 39798
55500 38449
56000 38047
56500 38055
57000 38060
57500 41154
58000 38899
58500 40216
59000 40762
59500 36676
60000 41078
60500 48554
61000 39088
61500 41036
62000 39064
62500 38674
63000 43269
63500 41231
64000 42428
64500 42140
65000 40108
65500 45164
66000 42614
66500 39399
67000 39564
67500 40209
68000 41069
68500 41189
69000 40005
69500 42484
70000 40783
70500 40582
71000 41223
71500 41420
72000 40771
72500 44372
73000 48218
73500 41858
74000 42551
74500 42019
75000 42434
75500 45685
76000 41885
76500 40646
77000 41373
77500 42697
78000 43737
78500 42690
79000 45157
79500 43641
80000 43239
80500 46041
81000 42691
81500 43967
82000 44900
82500 50005
83000 46472
83500 44731
84000 44889
84500 45923
85000 44751
85500 45626
86000 47960
86500 45897
87000 44725
87500 49995
88000 45974
88500 48799
89000 51365
89500 49591
90000 49026
90500 48012
91000 48164
91500 52123
92000 60820
92500 50881
93000 46664
93500 47306
94000 48830
94500 52735
95000 49648
95500 49017
96000 50887
96500 48597
97000 47666
97500 51408
98000 49959
98500 49565
99000 51523
99500 51027
100000 51787
100500 48580
101000 50346
101500 47051
102000 47048
102500 50986
103000 55475
103500 53435
104000 53385
104500 56290
105000 53419
105500 54033
106000 59948
106500 49681
107000 49607
107500 54846
108000 54559
108500 54764
109000 51816
109500 53316
110000 53591
110500 56713
111000 55306
111500 54776
112000 54120
112500 55189
113000 56421
113500 58589
114000 72310
114500 60855
115000 56719
115500 57441
116000 57424
116500 55937
117000 61081
117500 57867
118000 59551
118500 55505
119000 64997
119500 60259
120000 59941
120500 57045
121000 57257
121500 55930
122000 77591
122500 59135
123000 57607
123500 57682
124000 59456
124500 57606
125000 58678
125500 58685
126000 58044
126500 59660
127000 59648
127500 61491
128000 61840
128500 59099
129000 60315
129500 62130
130000 57769
130500 58916
131000 59616
131500 58712
132000 66811
132500 63256
133000 66198
133500 67135
134000 73625
134500 73302
135000 70219
135500 73997
136000 71378
136500 70314
137000 75461
137500 74656
138000 74605
138500 73279
139000 75982
139500 73941
140000 73951
140500 79096
141000 84084
141500 73361
142000 88326
142500 83373
143000 76933
143500 75623
144000 77403
144500 72506
145000 80235
145500 75864
146000 80431
146500 73879
147000 74850
147500 72564
148000 74381
148500 74237
149000 76894
149500 75222
150000 77860
150500 78429
151000 69309
151500 72381
152000 69967
152500 69848
153000 74932
153500 79332
154000 76785
154500 72843
155000 70058
155500 71498
156000 74734
156500 75199
157000 75757
157500 74056
158000 71339
158500 69019
159000 72118
159500 76011
160000 87304
160500 74850
161000 73203
161500 75054
162000 78467
162500 77509
163000 76224
163500 74415
164000 96890
164500 85224
165000 81170
165500 73260
166000 76101
166500 73800
167000 77471
167500 78334
168000 75148
168500 77076
169000 72288
169500 73400
170000 78490
170500 76115
171000 75658
171500 77307
172000 77966
172500 79070
173000 75987
173500 74191
174000 72598
174500 77581
175000 71788
175500 71002
176000 81846
176500 75950
177000 71229
177500 91540
178000 78510
178500 88408
179000 84726
179500 76660
180000 77117
180500 82055
181000 78930
181500 81551
182000 83051
182500 82586
183000 84260
183500 81561
184000 83600
184500 79901
185000 85010
185500 83685
186000 91375
186500 88627
187000 88945
187500 89545
188000 103242
188500 85909
189000 87356
189500 92800
190000 83410
190500 92128
191000 87234
191500 85436
192000 87788
192500 91516
193000 92245
193500 92902
194000 96348
194500 89098
195000 95303
195500 96748
196000 91627
196500 91757
197000 97828
197500 90146
198000 89143
198500 91597
199000 88660
199500 91032
199998 93990
