0 0
500 188868
1000 464142
1500 879744
2000 1474975
2500 1900326
3000 2411318
3500 2658515
4000 3099217
4500 3429603
5000 3768334
5500 4294657
6000 4575440
6500 5029093
7000 5422864
7500 5899718
8000 6379483
8500 6762104
9000 7191711
9500 7530131
10000 8145568
10500 8588300
11000 9237972
11500 9833053
12000 10323621
12500 10691100
13000 11371926
13500 11784891
14000 12140636
14500 12455441
15000 13129966
15500 13691055
16000 14152852
16500 14617831
17000 15945691
17500 17105623
18000 17163490
18500 18485932
19000 17150979
19500 19185228
20000 17868894
20500 18444560
21000 19113355
21500 19457319
22000 19759415
22500 20363912
23000 20853469
23500 21444939
24000 21849327
24500 22244078
25000 22935355
25500 22947543
26000 23138256
26500 24057700
27000 24415483
27500 24557666
28000 25252950
28500 25667391
29000 26051559
29500 26580209
30000 27490711
30500 27275798
31000 27803258
31500 31717942
32000 29399792
32500 29486265
33000 29751738
33500 30257800
34000 30715157
34500 30718132
35000 31405274
35500 32333060
36000 32278102
36500 33061617
37000 33429470
37500 33746871
38000 38077842
38500 34815594
39000 35417354
39500 35925084
40000 36337536
40500 36529386
41000 37009420
41500 37159894
42000 38635292
42500 38499595
43000 38799643
43500 39251292
44000 39420132
44500 40526620
45000 40950070
45500 42915330
46000 45858037
46500 41908355
47000 42095427
47500 43284064
48000 42999714
48500 43599451
49000 43943962
49500 44907752
50000 45712243
50500 50591745
51000 46369552
51500 46705248
52000 47323312
52500 47293903
53000 48038908
53500 48576930
54000 48842141
54500 48827071
55000 49809018
55500 49803927
56000 50388822
56500 55881856
57000 54436363
57500 51827214
58000 52043579
58500 52354510
59000 53702772
59500 54785165
60000 56931125
60500 55347871
61000 55356756
61500 55689768
62000 57587226
62500 56996224
63000 56993268
63500 57299448
64000 57880493
64500 56866224
65000 59063922
65500 64786117
66000 59943835
66500 59966538
67000 60454264
67500 59988833
68000 61360993
68500 68689306
69000 63264093
69500 62993104
70000 63578384
70500 64342041
71000 64311062
71500 64092878
72000 64460097
72500 64914178
73000 67618543
73500 66912906
74000 66956260
74500 66879585
75000 67768688
75500 68274656
76000 73994797
76500 70819641
77000 70507661
77500 70672853
78000 70230370
78500 69747628
79000 71207601
79500 71202207
80000 72245308
80500 79471569
81000 81382411
81500 73162291
82000 73265682
82500 75654252
83000 81606223
83500 77071762
84000 77506669
84500 78344524
85000 79115113
85500 84380523
86000 81533777
86500 79786915
87000 85773877
87500 80312368
88000 83318720
88500 82350550
89000 86568087
89500 83101353
90000 83743331
90500 87796904
91000 84102323
91500 84981284
92000 88708956
92500 89521053
93000 87094148
93500 86402031
94000 86033225
94500 88070731
95000 88923109
95500 88309940
96000 89039521
96500 88642066
97000 90365890
97500 90851379
98000 92713340
98500 93461974
99000 89992962
99500 90250788
100000 90983973
100500 95611201
101000 93497848
101500 94062028
102000 92632530
102500 93138072
103000 93244765
103500 95543947
104000 94158991
104500 95121982
105000 94994225
105500 97984475
106000 97414732
106500 100030838
107000 98530790
107500 97924888
108000 103087804
108500 99620003
109000 105128882
109500 99026396
110000 100706231
110500 103060891
111000 105553036
111500 101505046
112000 102924234
112500 103877532
113000 103009042
113500 112452015
114000 135933531
114500 153339289
115000 163005670
115500 166153160
116000 163439463
116500 162993340
117000 165834696
117500 162542960
118000 169148986
118500 173458967
119000 168323185
119500 163997537
120000 168437223
120500 167452043
121000 169151715
121500 165558722
122000 161776061
122500 163901594
123000 172701892
123500 168900534
124000 174247156
124500 171844783
125000 170244779
125500 167664480
126000 173593648
126500 171519943
127000 176409623
127500 171170504
128000 174133628
128500 178146714
129000 177344991
129500 177143671
130000 182369953
130500 185555487
131000 181658577
131500 186431866
132000 184535538
132500 187404635
133000 182398272
133500 185910444
134000 192342138
134500 193407683
135000 198894870
135500 190785500
136000 191958276
136500 191327168
137000 191971548
137500 189813666
138000 192919559
138500 193758134
139000 193825239
139500 200379978
140000 195898873
140500 203727646
141000 210154081
141500 305553226
142000 519296629
142500 336407129
143000 217123351
143500 211218309
144000 200771834
144500 193791453
145000 192528564
145500 197445470
146000 198211396
146500 198496862
147000 196408576
147500 198629061
148000 209979526
148500 253227493
149000 223192257
149500 211933317
150000 214995513
150500 213910495
151000 221047241
151500 213564222
152000 218578246
152500 222569833
153000 235725376
153500 235902749
154000 218525839
154500 223124828
155000 224007109
155500 225327630
156000 225264069
156500 226550328
157000 228237459
157500 234360801
158000 230465382
158500 230277544
159000 230344366
159500 232466448
160000 240269240
160500 242462672
161000 244916414
161500 248004275
162000 320155817
162500 417066999
163000 351822550
163500 271151897
164000 242572984
164500 243940043
165000 262893951
165500 291285891
166000 261803265
166500 271981026
167000 268100308
167500 253936642
168000 248819619
168500 262613165
169000 278995631
169500 269135643
170000 266543136
170500 271601249
171000 275413084
171500 282389124
172000 281776142
172500 296541835
173000 299738921
173500 303260832
174000 292502302
174500 278785385
175000 285088673
175500 285844304
176000 285509462
176500 288679339
177000 279451363
177500 336667136
178000 462196570
178500 503742090
179000 392769514
179500 289620333
180000 284547971
180500 276673382
181000 278499786
181500 277546562
182000 294632115
182500 280997880
183000 281019160
183500 292315008
184000 304567515
184500 349473602
185000 387155854
185500 370906666
186000 322017235
186500 310039954
187000 294041673
187500 296643810
188000 319708754
188500 331836035
189000 322340895
189500 323700636
190000 328107784
190500 403019361
191000 457932926
191500 346052227
192000 311508125
192500 319690255
193000 309781813
193500 315733851
194000 332308281
194500 333325761
195000 317841164
195500 326048572
196000 352307252
196500 521169819
197000 502636581
197500 337237752
198000 322066514
198500 313998058
199000 314342207
199500 328249178
199998 335305918
