0 0
500 84157
1000 80133
1500 92095
2000 86295
2500 92309
3000 96191
3500 94860
4000 96776
4500 104980
5000 111187
5500 108024
6000 110555
6500 118176
7000 108520
7500 111998
8000 125262
8500 119649
9000 130700
9500 127026
10000 124253
10500 125000
11000 127753
11500 141837
12000 129501
12500 129608
13000 134916
13500 132217
14000 136442
14500 138292
15000 150943
15500 142480
16000 140354
16500 143885
17000 156476
17500 165136
18000 151363
18500 152588
19000 153443
19500 154987
20000 155610
20500 158950
21000 158207
21500 156873
22000 158000
22500 158779
23000 169436
23500 157246
24000 165896
24500 165796
25000 163597
25500 164850
26000 165328
26500 162421
27000 168091
27500 176953
28000 175288
28500 163367
29000 164302
29500 165712
30000 160641
30500 165678
31000 176140
31500 163221
32000 166870
32500 171660
33000 180804
33500 189350
34000 197255
34500 191111
35000 187480
35500 205940
36000 193622
36500 210237
37000 192678
37500 189052
38000 187835
38500 191751
39000 192005
39500 192633
40000 193589
40500 200325
41000 202901
41500 194479
42000 196203
42500 194464
43000 198016
43500 201984
44000 197361
44500 201759
45000 194972
45500 195253
46000 192710
46500 191801
47000 206027
47500 192847
48000 194796
48500 199269
49000 211504
49500 206244
50000 200895
50500 202813
51000 211258
51500 205928
52000 209461
52500 205712
53000 205975
53500 205981
54000 201245
54500 214650
55000 207381
55500 197676
56000 201933
56500 210531
57000 202123
57500 209314
58000 212192
58500 199319
59000 215888
59500 202541
60000 206048
60500 207718
61000 206467
61500 205600
62000 205627
62500 217155
63000 206970
63500 216557
64000 201441
64500 200295
65000 210201
65500 211250
66000 223236
66500 221621
67000 231954
67500 220969
68000 220406
68500 225606
69000 228746
69500 230902
70000 239197
70500 227738
71000 228112
71500 248809
72000 228761
72500 226916
73000 235022
73500 229943
74000 230610
74500 235732
75000 259410
75500 248397
76000 245658
76500 259413
77000 237252
77500 239216
78000 256993
78500 243890
79000 243824
79500 243712
80000 240332
80500 238336
81000 247192
81500 247349
82000 243465
82500 256190
83000 257730
83500 255331
84000 262797
84500 265964
85000 254993
85500 253513
86000 248920
86500 242853
87000 241967
87500 249383
88000 273554
88500 256573
89000 242923
89500 248349
90000 265784
90500 241735
91000 257726
91500 243220
92000 249038
92500 255658
93000 246242
93500 246143
94000 253491
94500 243191
95000 246873
95500 248718
96000 249539
96500 237728
97000 241642
97500 243600
98000 261558
98500 249958
99000 249738
99500 250243
100000 254109
100500 246533
101000 260106
101500 250910
102000 252620
102500 273430
103000 242740
103500 250376
104000 296941
104500 334402
105000 330080
105500 368491
106000 392597
106500 373495
107000 345426
107500 354472
108000 356409
108500 360899
109000 360228
109500 370501
110000 377502
110500 366417
111000 359895
111500 348447
112000 351608
112500 318903
113000 274124
113500 263027
114000 263822
114500 255776
115000 283510
115500 254468
116000 252588
116500 271474
117000 265251
117500 268553
118000 267080
118500 268078
119000 263141
119500 269011
120000 269946
120500 268676
121000 275033
121500 270041
122000 289480
122500 350315
123000 367722
123500 378872
124000 382044
124500 329800
125000 313473
125500 306228
126000 301753
126500 307636
127000 303381
127500 303895
128000 316511
128500 296270
129000 290773
129500 284101
130000 310271
130500 293044
131000 291655
131500 310757
132000 291831
132500 309303
133000 292110
133500 301025
134000 301282
134500 305773
135000 325241
135500 299233
136000 288513
136500 286541
137000 299123
137500 288695
138000 284874
138500 285679
139000 291962
139500 281215
140000 308121
140500 290873
141000 287984
141500 301198
142000 283844
142500 300482
143000 282934
143500 287452
144000 286734
144500 285545
145000 288349
145500 305538
146000 286317
146500 289444
147000 286758
147500 288665
148000 289015
148500 280524
149000 291301
149500 302839
150000 283630
150500 301945
151000 301778
151500 285665
152000 283854
152500 292160
153000 289288
153500 300899
154000 292407
154500 302434
155000 297290
155500 286988
156000 294104
156500 279906
157000 291320
157500 289360
158000 287456
158500 298332
159000 292388
159500 293592
160000 297784
160500 291818
161000 313888
161500 299123
162000 301971
162500 291517
163000 296813
163500 291341
164000 294707
164500 289760
165000 290064
165500 288182
166000 289715
166500 299803
167000 287819
167500 292990
168000 313435
168500 311574
169000 306596
169500 313234
170000 307795
170500 307589
171000 310160
171500 295283
172000 297640
172500 312480
173000 310973
173500 305709
174000 308298
174500 311012
175000 322238
175500 309275
176000 314840
176500 323014
177000 315556
177500 307433
178000 311092
178500 309861
179000 316234
179500 325498
180000 320570
180500 320254
181000 306933
181500 323818
182000 308405
182500 317678
183000 311732
183500 317215
184000 313592
184500 319298
185000 319889
185500 317016
186000 337703
186500 333939
187000 311754
187500 317156
188000 311211
188500 315103
189000 317926
189500 319151
190000 312750
190500 313024
191000 312018
191500 330266
192000 312702
192500 312362
193000 316928
193500 324438
194000 429278
194500 426070
195000 422663
195500 441138
196000 420347
196500 418228
197000 430595
197500 441481
198000 472226
198500 435448
199000 435689
199500 436293
199998 445680
