0 0
500 73189
1000 68623
1500 72550
2000 69466
2500 70810
3000 73943
3500 72596
4000 75440
4500 92733
5000 79180
5500 80827
6000 79388
6500 80137
7000 84297
7500 83337
8000 82525
8500 87666
9000 83477
9500 85424
10000 87967
10500 87254
11000 90657
11500 88525
12000 90281
12500 101046
13000 91718
13500 93076
14000 91689
14500 94257
15000 94779
15500 93017
16000 92847
16500 95269
17000 99436
17500 98824
18000 98122
18500 95241
19000 97441
19500 107067
20000 111325
20500 103454
21000 100799
21500 99979
22000 101166
22500 129081
23000 97783
23500 100770
24000 103725
24500 105657
25000 104215
25500 103565
26000 104455
26500 110259
27000 106268
27500 104666
28000 106575
28500 107008
29000 103092
29500 107511
30000 105259
30500 107654
31000 109334
31500 122366
32000 106788
32500 110655
33000 120976
33500 110523
34000 126392
34500 107079
35000 111863
35500 112701
36000 108960
36500 112021
37000 110969
37500 120292
38000 109138
38500 111104
39000 113257
39500 115617
40000 126235
40500 114170
41000 116635
41500 115350
42000 123846
42500 114581
43000 118341
43500 113670
44000 126026
44500 113181
45000 114514
45500 126458
46000 114957
46500 114494
47000 117194
47500 128259
48000 114726
48500 117643
49000 117072
49500 120952
50000 116290
50500 120959
51000 112990
51500 131624
52000 119095
52500 118055
53000 119624
53500 116035
54000 133588
54500 122135
55000 122637
55500 121487
56000 117436
56500 115678
57000 129623
57500 125585
58000 119112
58500 115266
59000 120461
59500 127003
60000 121395
60500 121744
61000 117611
61500 126114
62000 120142
62500 123999
63000 125227
63500 122979
64000 123175
64500 125010
65000 121039
65500 135217
66000 121023
66500 123799
67000 121218
67500 123675
68000 138198
68500 123383
69000 129285
69500 122939
70000 124332
70500 122541
71000 133408
71500 123415
72000 128152
72500 125476
73000 124720
73500 123067
74000 132007
74500 132616
75000 127026
75500 130451
76000 127471
76500 127062
77000 128460
77500 125047
78000 125640
78500 123665
79000 135157
79500 123612
80000 127366
80500 140046
81000 132162
81500 134087
82000 128201
82500 127117
83000 129763
83500 123649
84000 143951
84500 127005
85000 129921
85500 128166
86000 128143
86500 134442
87000 123970
87500 129045
88000 126944
88500 128114
89000 130964
89500 127451
90000 137488
90500 128346
91000 134732
91500 130779
92000 128919
92500 133769
93000 128178
93500 130949
94000 139190
94500 134766
95000 131723
95500 135311
96000 138131
96500 136715
97000 138206
97500 136190
98000 137724
98500 138772
99000 134922
99500 138747
100000 136507
100500 137450
101000 144072
101500 141049
102000 138749
102500 138744
103000 136455
103500 139666
104000 140787
104500 143380
105000 141490
105500 140982
106000 140740
106500 137546
107000 143127
107500 142911
108000 142322
108500 141365
109000 140177
109500 139122
110000 139997
110500 144805
111000 139658
111500 148328
112000 140147
112500 141511
113000 141601
113500 150064
114000 147299
114500 142572
115000 175638
115500 138813
116000 142059
116500 138879
117000 142389
117500 144454
118000 145429
118500 145502
119000 142910
119500 148472
120000 143756
120500 145488
121000 141834
121500 146577
122000 155000
122500 141970
123000 145625
123500 145226
124000 144550
124500 149280
125000 145852
125500 149010
126000 143121
126500 140321
127000 172872
127500 145762
128000 148173
128500 156163
129000 145326
129500 148094
130000 149953
130500 145889
131000 159579
131500 157067
132000 148159
132500 160685
133000 146711
133500 148377
134000 147967
134500 150099
135000 148156
135500 159260
136000 149106
136500 150795
137000 155319
137500 152232
138000 152662
138500 167718
139000 152987
139500 149048
140000 151748
140500 153875
141000 160622
141500 147339
142000 147212
142500 152312
143000 154945
143500 153728
144000 151336
144500 151550
145000 149948
145500 152787
146000 164928
146500 154099
147000 151853
147500 162506
148000 152521
148500 148878
149000 149516
149500 150742
150000 165135
150500 151724
151000 147965
151500 150662
152000 158924
152500 154680
153000 160712
153500 162350
154000 154441
154500 151082
155000 149571
155500 150717
156000 167351
156500 154748
157000 154169
157500 154162
158000 153794
158500 157979
159000 166550
159500 163468
160000 158540
160500 154826
161000 152677
161500 155180
162000 155844
162500 154879
163000 159357
163500 152956
164000 161662
164500 158727
165000 161855
165500 159183
166000 175133
166500 153321
167000 159763
167500 163932
168000 154294
168500 176550
169000 161526
169500 162022
170000 174010
170500 155951
171000 161922
171500 155373
172000 155650
172500 160321
173000 163844
173500 160812
174000 160136
174500 173343
175000 161920
175500 164033
176000 161140
176500 162239
177000 157742
177500 156821
178000 164865
178500 161594
179000 171481
179500 162626
180000 162688
180500 162785
181000 160232
181500 162063
182000 163923
182500 159728
183000 172800
183500 160918
184000 162045
184500 163126
185000 174127
185500 169540
186000 158741
186500 165765
187000 183834
187500 160164
188000 160874
188500 160353
189000 170284
189500 164621
190000 164707
190500 162076
191000 173231
191500 164604
192000 162945
192500 169758
193000 164412
193500 165549
194000 166026
194500 164816
195000 167152
195500 178310
196000 182750
196500 164524
197000 167000
197500 160719
198000 165352
198500 171774
199000 177241
199500 163534
199998 164661
