0 0
500 92531
1000 185696
1500 297348
2000 508923
2500 883255
3000 1109309
3500 1410544
4000 1687559
4500 1961457
5000 2263033
5500 2349195
6000 2778089
6500 3365310
7000 3572726
7500 4041323
8000 4113945
8500 4626831
9000 5214296
9500 5168206
10000 5519083
10500 6385702
11000 6558192
11500 6578153
12000 6878394
12500 7989711
13000 7795401
13500 7998270
14000 8061231
14500 9255555
15000 9691088
15500 9085738
16000 9596055
16500 10853115
17000 11255901
17500 12122603
18000 12441290
18500 11687987
19000 13197378
19500 12846607
20000 13454323
20500 14769462
21000 13484195
21500 14499809
22000 15400276
22500 15291467
23000 14746130
23500 15668997
24000 16022583
24500 16939634
25000 18366980
25500 18330492
26000 19797972
26500 18168492
27000 19182810
27500 21357716
28000 21550854
28500 23563771
29000 21667456
29500 22441141
30000 20372260
30500 23130151
31000 23427490
31500 24766905
32000 23690660
32500 23469392
33000 25318338
33500 24994581
34000 24463817
34500 25973589
35000 26458407
35500 25205980
36000 26254840
36500 28025201
37000 30275462
37500 30491456
38000 26844505
38500 29914917
39000 30190907
39500 30702539
40000 29172535
40500 30553896
41000 32094446
41500 32199313
42000 30889953
42500 33037498
43000 33788420
43500 31981362
44000 32535181
44500 34195617
45000 36406385
45500 33548399
46000 35079196
46500 35609818
47000 39124542
47500 38338560
48000 39517813
48500 43045807
49000 43853145
49500 43145608
50000 39593310
50500 41740443
51000 39318716
51500 40183338
52000 40789318
52500 39998719
53000 40149364
53500 39959222
54000 44047823
54500 44067654
55000 41679852
55500 46669039
56000 43760633
56500 41807700
57000 46025693
57500 45746031
58000 47003956
58500 43706261
59000 47359239
59500 48374649
60000 46775114
60500 49957267
61000 48814488
61500 48089572
62000 44326990
62500 49762991
63000 48554370
63500 51088074
64000 51320336
64500 53850976
65000 48910038
65500 51165060
66000 50663316
66500 51340295
67000 52950134
67500 58935231
68000 52349258
68500 53761463
69000 56452423
69500 58193239
70000 54754993
70500 54275584
71000 52856433
71500 55632472
72000 60078731
72500 59980915
73000 56216425
73500 57626526
74000 59101569
74500 60182791
75000 61639299
75500 59777570
76000 62259376
76500 57273326
77000 60090316
77500 62859601
78000 61645909
78500 66858841
79000 64296299
79500 63817162
80000 59620121
80500 62123157
81000 65301435
81500 65516843
82000 67627615
82500 62731789
83000 69679701
83500 67252365
84000 68096036
84500 67661428
85000 71596259
85500 72647185
86000 70114277
86500 69685414
87000 64998130
87500 73021047
88000 72608511
88500 65503776
89000 66280587
89500 68470823
90000 68966130
90500 71925959
91000 77103922
91500 72035192
92000 75652150
92500 75330578
93000 68013840
93500 71809134
94000 72981964
94500 74581398
95000 76803247
95500 71413803
96000 75838679
96500 75486535
97000 77560223
97500 78712816
98000 78690342
98500 82688400
99000 92216541
99500 85747679
100000 84746738
100500 78802508
101000 79475844
101500 78782557
102000 79573776
102500 78489092
103000 82868601
103500 83190505
104000 86298036
104500 87309355
105000 90313753
105500 87718333
106000 86523156
106500 86845968
107000 85524154
107500 84159200
108000 84537969
108500 82232837
109000 86817951
109500 92572021
110000 89306850
110500 99925708
111000 84898964
111500 92129227
112000 86901567
112500 85633510
113000 88545264
113500 91947423
114000 95020627
114500 91257449
115000 100468501
115500 94600654
116000 98081999
116500 92311677
117000 94084704
117500 99054950
118000 98542980
118500 94707422
119000 96930281
119500 99135685
120000 101818747
120500 100732572
121000 103735648
121500 105827747
122000 104400480
122500 96665750
123000 99765516
123500 109341184
124000 121069918
124500 110173250
125000 104598049
125500 100300716
126000 109394746
126500 102871406
127000 103887418
127500 103082498
128000 105724317
128500 108008667
129000 107771495
129500 103107807
130000 108584295
130500 119279849
131000 116510999
131500 111682633
132000 112468413
132500 116065902
133000 118792575
133500 105062420
134000 122199624
134500 116214715
135000 115604656
135500 106240347
136000 110851559
136500 107161407
137000 115296481
137500 108984325
138000 116347687
138500 121427127
139000 129678967
139500 115674510
140000 111893574
140500 110161424
141000 121201646
141500 117233820
142000 121405301
142500 151803156
143000 248964192
143500 214319377
144000 202251687
144500 191444097
145000 177212325
145500 148810296
146000 148960560
146500 139607513
147000 149585955
147500 125578162
148000 132874761
148500 142731237
149000 153646792
149500 137367978
150000 137793960
150500 165459054
151000 133172190
151500 159464645
152000 141421909
152500 143270525
153000 198301595
153500 157513255
154000 150324234
154500 138383562
155000 142043154
155500 152988953
156000 171171076
156500 144550925
157000 161723988
157500 134196840
158000 125893365
158500 138603210
159000 198085228
159500 148964136
160000 186446382
160500 166046054
161000 174489916
161500 145641014
162000 183526032
162500 158218296
163000 153817429
163500 171451933
164000 165791673
164500 163206012
165000 196445031
165500 160459189
166000 175891718
166500 169643885
167000 185813400
167500 187020796
168000 175975505
168500 166411782
169000 154254513
169500 223100360
170000 192933400
170500 195260510
171000 186063306
171500 186689224
172000 188162507
172500 178197060
173000 207527461
173500 191936935
174000 180871084
174500 188157598
175000 195438641
175500 192679279
176000 217120634
176500 200963129
177000 202297924
177500 201564923
178000 224916043
178500 232078821
179000 209169100
179500 195083879
180000 191510715
180500 235030984
181000 201605639
181500 199541896
182000 204829920
182500 246568854
183000 258719200
183500 202576041
184000 213694387
184500 186019623
185000 223999235
185500 197122848
186000 198015436
186500 210069793
187000 237956882
187500 235568783
188000 196398522
188500 173086797
189000 194760539
189500 216599352
190000 210564688
190500 222485058
191000 229218106
191500 233582223
192000 229153100
192500 232948627
193000 214941868
193500 251621840
194000 256037995
194500 237650890
195000 226915183
195500 198554697
196000 230807764
196500 254549062
197000 264521806
197500 199838271
198000 235062453
198500 247172054
199000 209161262
199500 263300486
199998 234856588
