0 0
500 219812
1000 484056
1500 948460
2000 1727956
2500 2359240
3000 2672493
3500 3134434
4000 3619135
4500 4064097
5000 4471938
5500 4982659
6000 5468037
6500 5970444
7000 6419486
7500 6856780
8000 7328493
8500 7959822
9000 8570025
9500 9237788
10000 9775010
10500 10493255
11000 11210183
11500 11841190
12000 13387239
12500 13068258
13000 13753945
13500 14281615
14000 14839383
14500 15309367
15000 16003338
15500 16448433
16000 16915931
16500 17614006
17000 18076119
17500 18682683
18000 19292467
18500 19870700
19000 20571262
19500 23858749
19998 21517790
