0 0
500 225256
1000 261560
1500 305081
2000 293945
2500 400106
3000 337326
3500 181783
4000 101510
4500 131570
5000 107060
5500 109802
6000 108499
6500 109489
7000 116548
7500 110245
8000 117795
8500 118021
9000 124183
9500 125786
10000 127632
10500 117889
11000 113064
11500 114573
12000 138580
12500 123720
13000 118054
13500 117736
14000 119624
14500 116619
15000 112954
15500 114454
16000 121192
16500 120919
17000 136688
17500 133792
18000 137472
18500 137021
19000 132640
19500 132868
20000 137440
20500 138034
21000 141172
21500 136669
22000 134009
22500 138273
23000 131168
23500 133154
24000 167444
24500 136623
25000 135819
25500 136639
26000 134938
26500 138155
27000 132494
27500 133004
28000 147874
28500 139114
29000 136299
29500 148643
30000 136695
30500 136229
31000 134718
31500 141945
32000 137556
32500 135598
33000 149616
33500 188018
34000 158250
34500 210735
35000 156826
35500 167143
36000 173281
36500 158649
37000 170984
37500 161719
38000 167733
38500 168788
39000 156078
39500 171879
40000 160158
40500 157800
41000 169379
41500 160451
42000 210385
42500 154611
43000 155132
43500 166819
44000 173874
44500 155773
45000 168902
45500 156434
46000 158485
46500 179753
47000 154775
47500 167070
48000 192898
48500 155558
49000 171014
49500 157805
50000 160170
50500 156097
51000 156002
51500 154724
52000 162074
52500 156624
53000 164715
53500 172048
54000 161828
54500 157686
55000 155802
55500 156438
56000 161369
56500 157281
57000 157793
57500 157904
58000 163011
58500 159180
59000 153901
59500 159071
60000 160838
60500 160099
61000 160338
61500 159831
62000 157279
62500 164118
63000 153134
63500 157456
64000 157964
64500 160560
65000 156347
65500 159970
66000 173124
66500 177809
67000 169098
67500 172855
68000 176866
68500 178015
69000 178174
69500 175345
70000 210515
70500 174332
71000 187357
71500 180422
72000 187958
72500 175708
73000 176837
73500 181857
74000 174070
74500 175184
75000 173224
75500 172063
76000 200579
76500 176876
77000 227687
77500 187262
78000 186881
78500 175896
79000 183725
79500 183506
80000 181742
80500 178866
81000 189345
81500 199833
82000 176043
82500 186196
83000 173507
83500 171445
84000 177048
84500 174566
85000 177921
85500 182718
86000 181507
86500 173194
87000 173127
87500 170377
88000 177960
88500 177930
89000 179274
89500 173396
90000 176838
90500 217558
91000 171254
91500 187696
92000 178713
92500 174008
93000 189858
93500 173727
94000 187008
94500 184095
95000 173102
95500 180359
96000 186634
96500 173404
97000 181112
97500 200222
98000 176645
98500 185869
99000 181346
99500 179817
99999 176781
