0 0
500 20341
1000 13916
1500 15458
2000 10805
2500 19028
3000 7763
3500 7329
4000 10604
4500 21135
5000 11665
5500 11063
6000 11358
6500 10478
7000 11387
7500 7077
8000 7711
8500 31402
9000 10675
9500 10524
10000 21772
10500 10326
11000 11204
11500 7327
12000 6010
12500 5707
13000 6246
13500 5751
14000 5971
14500 5727
15000 5687
15500 6902
16000 6090
16500 46741
17000 6326
17500 6397
18000 5699
18500 5876
19000 5946
19500 7501
20000 6468
20500 6010
21000 5736
21500 6006
22000 5701
22500 5698
23000 5731
23500 7401
24000 5913
24500 6006
25000 5887
25500 5724
26000 5703
26500 5698
27000 5717
27500 7439
28000 6094
28500 6130
29000 5820
29500 5745
30000 5700
30500 5707
31000 15470
31500 6670
32000 6122
32500 5455
33000 76452
33500 6249
34000 5640
34500 5631
35000 5262
35500 7253
36000 5173
36500 5432
37000 5165
37500 5132
38000 5133
38500 5296
39000 5375
39500 7479
40000 5975
40500 6276
41000 5577
41500 5643
42000 5131
42500 5132
43000 5132
43500 6786
44000 6037
44500 5636
45000 5192
45500 5137
46000 5132
46500 5130
47000 5133
47500 6746
48000 5717
48500 5135
49000 5132
49500 5366
50000 5129
50500 5130
51000 5130
51500 6464
52000 4933
52500 6047
53000 5096
53500 4891
54000 4949
54500 4893
55000 4890
55500 6595
56000 5536
56500 5528
57000 4913
57500 4932
58000 4903
58500 4917
59000 4888
59500 6500
60000 5327
60500 5080
61000 4890
61500 4893
62000 4891
62500 4886
63000 4890
63500 6264
64000 5394
64500 5359
65000 4931
65500 4889
66000 462775
66500 8390
67000 8046
67500 9268
68000 15472
68500 8324
69000 8500
69500 9262
70000 7666
70500 8520
71000 8431
71500 9338
72000 7861
72500 8084
73000 7455
73500 9157
74000 7950
74500 7537
75000 8830
75500 9787
76000 7928
76500 9716
77000 8688
77500 9360
78000 7617
78500 7699
79000 7528
79500 9281
80000 8764
80500 8281
81000 8141
81500 7790
82000 7820
82500 7656
83000 7579
83500 29909
84000 7208
84500 7627
85000 8010
85500 9048
86000 7785
86500 7659
87000 7666
87500 10605
88000 8059
88500 7819
89000 7504
89500 7509
90000 7499
90500 8426
91000 8552
91500 9525
92000 8386
92500 8221
93000 8711
93500 7893
94000 7766
94500 7329
95000 7602
95500 9348
96000 7835
96500 8120
97000 27463
97500 8365
98000 8971
98500 7524
99000 7734
99500 9430
99999 8352
