0 0
500 48578
1000 68071
1500 124043
2000 23137
2500 22877
3000 240037
3500 16946
4000 15424
4500 17296
5000 16526
5500 448552
6000 21536
6500 19536
7000 15493
7500 33670
8000 21336
8500 15989
9000 15605
9500 14507
10000 14427
10500 20441
11000 804397
11500 14196
12000 12761
12500 13691
13000 13685
13500 12733
14000 12507
14500 18655
15000 14095
15500 13571
16000 13158
16500 29439
17000 13605
17500 12855
18000 12539
18500 18330
19000 13951
19500 13630
20000 13115
20500 11778
21000 11788
21500 11056
22000 1377911
22500 14621
23000 13659
23500 11705
24000 11793
24500 11450
25000 11376
25500 10940
26000 11849
26500 14659
27000 26192
27500 11734
28000 12185
28500 11330
29000 11458
29500 11530
30000 11854
30500 14713
31000 29546
31500 11483
32000 11785
32500 11541
33000 11411
33500 11787
34000 11585
34500 14480
35000 15083
35500 11305
36000 11330
36500 11165
37000 11342
37500 11825
38000 23263
38500 15047
39000 13427
39500 11394
40000 11562
40500 11498
41000 11660
41500 11572
42000 11947
42500 13959
43000 13568
43500 11464
44000 2643381
44500 14916
45000 13039
45500 15549
46000 14508
46500 14377
47000 20407
47500 11243
48000 12666
48500 15022
49000 14381
49500 11129
50000 15652
50500 14059
51000 14066
51500 13980
52000 13873
52500 12159
53000 14514
53500 15891
54000 13981
54500 13442
55000 13605
55500 13411
56000 15033
56500 14237
57000 13433
57500 14231
58000 14133
58500 14363
59000 14006
59500 14079
60000 14103
60500 14421
61000 14010
61500 14202
62000 13989
62500 15788
63000 13762
63500 13453
64000 13375
64500 14126
65000 13449
65500 14222
66000 14095
66500 14288
67000 13985
67500 14017
68000 13997
68500 11036
69000 14025
69500 14634
70000 14032
70500 14193
71000 14051
71500 14046
72000 13753
72500 15944
73000 36914
73500 16258
74000 12892
74500 14803
75000 13883
75500 14085
76000 13801
76500 14142
77000 14320
77500 14261
78000 13844
78500 13968
79000 14234
79500 14094
80000 14045
80500 14259
81000 13857
81500 14445
82000 15896
82500 25773
83000 14526
83500 14683
84000 13846
84500 14894
85000 14100
85500 14128
86000 14335
86500 14453
87000 13930
87500 14267
88000 5361167
88500 15092
89000 13502
89500 13959
90000 13424
90500 12604
91000 15027
91500 14798
92000 14338
92500 73503
93000 13853
93500 14836
94000 14649
94500 14600
95000 13911
95500 16086
96000 13066
96500 12924
97000 13840
97500 14579
98000 29964
98500 15577
99000 13889
99500 13810
99999 13665
