0 0
500 794658
1000 2249931
1500 3476735
2000 5377029
2500 6445271
3000 7110441
3500 8508742
4000 9893749
4500 11206377
5000 12715354
5500 14405529
6000 15992120
6500 17679570
7000 19485624
7500 21084243
8000 22717362
8500 24203490
9000 25804536
9500 27221696
10000 29090163
10500 30244412
11000 31575644
11500 33084966
12000 34530689
12500 35888662
13000 37435707
13500 38871749
14000 44413994
14500 41736873
15000 43731387
15500 44859022
16000 46105570
16500 47466398
17000 48852662
17500 50332908
18000 52479167
18500 53230455
19000 54852396
19500 56257091
20000 57656122
20500 59153392
21000 63991375
21500 64791227
22000 63453129
22500 64903407
23000 69123472
23500 67883484
24000 71245403
24500 70893427
25000 72138631
25500 73538615
26000 75107523
26500 76484447
27000 77948148
27500 79502662
28000 86464440
28500 83015468
29000 85635202
29500 88830924
30000 86655344
30500 89458496
31000 89567430
31500 91026365
32000 92537685
32500 94104400
33000 95312478
33500 101403008
34000 98555368
34500 100022399
35000 109121200
35500 109719206
36000 104178202
36500 105492712
37000 107018469
37500 108522428
38000 110256034
38500 111955024
39000 113081641
39500 121080324
40000 123168463
40500 117203380
41000 118626547
41500 120671440
42000 121580257
42500 123696686
43000 124785442
43500 130621825
44000 134072125
44500 128831173
45000 130368667
45500 131643122
46000 133801195
46500 136570128
47000 136875995
47500 150342567
48000 139322193
48500 140349712
49000 141923708
49500 143476441
50000 147131318
50500 146228863
51000 157863790
51500 150790473
52000 150542522
52500 153205165
53000 159758158
53500 156777200
54000 164870292
54500 164484529
55000 159538239
55500 160861917
56000 162715537
56500 178458550
57000 172782280
57500 175605559
58000 168509853
58500 169763097
59000 173784212
59500 174169956
60000 181885021
60500 175700558
61000 176933346
61500 178563229
62000 183911129
62500 186113331
63000 189699295
63500 189561443
64000 190811485
64500 196871703
65000 198354078
65500 212939313
66000 199443378
66500 202948360
67000 208276588
67500 204733398
68000 228215743
68500 209796489
69000 211391296
69500 216552971
70000 225721402
70500 230768723
71000 223787170
71500 235450062
72000 228611074
72500 252725974
73000 233693140
73500 236611902
74000 238586237
74500 257141120
75000 240793211
75500 244655070
76000 250220523
76500 262198601
77000 250474469
77500 257998809
78000 256992915
78500 279995174
79000 260764577
79500 264593200
80000 270353103
80500 274772216
81000 269181817
81500 276919004
82000 289688056
82500 279335789
83000 283687036
83500 286082512
84000 303547294
84500 289461436
85000 297851397
85500 302543393
86000 300761702
86500 304531123
87000 330112551
87500 307328228
88000 312918060
88500 321654166
89000 319927673
89500 322488246
90000 325284825
90500 331284202
91000 330231414
91500 337043092
92000 349700791
92500 339419359
93000 347021504
93500 346409401
94000 347731049
94500 363471335
95000 366432763
95500 374955292
96000 369277058
96500 363018262
97000 366352201
97500 370713922
98000 366030452
98500 378295210
99000 372130899
99500 378508120
99999 388359199
