0 0
500 146334
1000 168319
1500 158788
2000 107318
2500 114504
3000 117191
3500 195372
4000 113774
4500 188997
5000 105394
5500 102041
6000 188897
6500 107092
7000 101320
7500 176143
8000 192051
8500 95340
9000 90097
9500 160687
10000 94041
10500 122572
11000 93063
11500 96496
12000 94545
12500 102157
13000 93476
13500 108719
14000 128040
14500 96596
15000 83117
15500 86003
16000 87259
16500 85381
17000 114878
17500 80423
18000 82057
18500 76927
19000 79236
19500 79981
20000 79521
20500 79564
21000 79708
21500 82057
22000 69067
22500 73276
23000 79915
23500 72989
24000 77092
24500 71953
25000 72561
25500 75538
26000 91278
26500 88147
27000 65558
27500 67059
28000 64727
28500 66728
29000 69484
29500 63206
30000 65812
30500 65337
31000 66344
31500 70102
32000 79021
32500 63083
33000 58061
33500 65749
34000 62012
34500 63825
35000 61253
35500 59698
36000 60959
36500 58430
37000 63750
37500 60853
38000 51885
38500 53010
39000 51710
39500 58097
40000 50577
40500 51898
41000 57623
41500 53263
42000 53238
42500 55383
43000 53727
43500 51126
44000 52043
44500 61158
45000 49500
45500 53205
46000 46130
46500 46315
47000 45571
47500 48820
48000 48864
48500 46539
49000 46910
49500 45951
50000 52720
50500 46370
51000 47817
51500 46929
52000 56358
52500 41074
53000 43758
53500 42275
54000 40396
54500 41258
55000 42230
55500 43970
56000 41498
56500 46577
57000 41033
57500 41755
58000 39787
58500 41025
59000 48898
59500 43262
60000 42087
60500 41257
61000 36181
61500 34998
62000 37963
62500 36516
63000 35563
63500 36977
64000 35452
64500 39088
65000 35829
65500 35862
66000 35958
66500 35783
67000 39261
67500 37169
68000 39794
68500 36192
69000 35029
69500 37276
70000 35821
70500 44707
71000 31434
71500 34282
72000 31195
72500 32211
73000 31575
73500 32359
74000 31370
74500 40174
75000 33134
75500 31234
76000 32036
76500 32269
77000 34080
77500 33570
78000 31732
78500 31516
79000 32395
79500 30979
80000 31010
80500 32485
81000 31227
81500 40500
82000 29228
82500 28876
83000 29954
83500 28748
84000 30305
84500 30338
85000 30000
85500 28992
86000 30589
86500 32621
87000 28943
87500 30922
88000 29201
88500 29728
89000 31403
89500 28723
90000 28771
90500 30342
91000 66036
91500 29211
92000 30165
92500 29142
93000 30030
93500 28946
94000 29302
94500 31650
95000 29401
95500 29150
96000 30478
96500 29147
97000 31019
97500 29123
98000 29459
98500 30320
99000 28944
99500 65560
99999 29168
