0 0
500 100838
1000 91040
1500 120123
2000 116369
2500 119356
3000 89457
3500 98067
4000 91642
4500 113337
5000 91180
5500 106301
6000 94824
6500 86851
7000 86169
7500 112730
8000 90329
8500 85242
9000 69480
9500 92083
10000 106384
10500 114292
11000 79288
11500 86901
12000 80314
12500 79555
13000 76814
13500 77067
14000 76718
14500 78353
15000 78485
15500 81629
16000 95421
16500 77215
17000 78104
17500 79275
18000 90441
18500 71358
19000 68989
19500 101604
20000 73880
20500 72524
21000 69160
21500 72098
22000 70748
22500 79397
23000 63260
23500 66580
24000 62304
24500 64940
25000 61005
25500 66697
26000 66577
26500 61529
27000 62541
27500 63049
28000 76470
28500 65261
29000 56892
29500 58114
30000 56781
30500 57236
31000 59067
31500 62738
32000 57499
32500 72548
33000 58185
33500 72201
34000 54592
34500 53163
35000 52845
35500 54338
36000 56586
36500 54764
37000 59738
37500 54400
38000 52595
38500 53340
39000 56975
39500 55705
40000 62071
40500 46187
41000 44841
41500 50161
42000 45801
42500 49708
43000 45954
43500 47214
44000 49224
44500 44658
45000 46803
45500 47312
46000 52073
46500 50154
47000 47265
47500 54261
48000 43701
48500 43382
49000 40344
49500 45838
50000 41183
50500 40495
51000 42604
51500 40019
52000 44827
52500 41336
53000 41426
53500 41750
54000 40185
54500 45034
55000 39821
55500 41967
56000 31602
56500 38033
57000 37021
57500 37945
58000 37493
58500 38670
59000 36942
59500 38052
60000 38947
60500 37554
61000 35548
61500 36655
62000 38856
62500 37879
63000 37219
63500 36304
64000 37229
64500 36575
65000 34693
65500 32766
66000 31660
66500 33613
67000 35110
67500 33977
68000 43649
68500 35366
69000 33405
69500 35001
70000 33616
70500 34745
71000 34150
71500 33214
72000 36905
72500 33292
73000 31139
73500 35402
74000 33291
74500 34025
75000 47365
75500 29794
76000 33925
76500 29824
77000 31091
77500 32662
78000 30105
78500 30497
79000 30945
79500 30659
80000 32272
80500 30455
81000 29625
81500 30098
82000 33518
82500 33224
83000 30526
83500 29161
84000 31107
84500 31474
85000 30056
85500 40180
86000 30700
86500 28700
87000 26730
87500 28076
88000 31015
88500 36372
89000 28168
89500 30035
90000 29338
90500 29723
91000 27468
91500 27624
92000 29677
92500 30667
93000 30069
93500 31103
94000 28326
94500 26651
95000 28180
95500 27636
96000 31893
96500 31558
97000 37178
97500 28136
98000 25015
98500 26132
99000 28640
99500 25639
99999 29709
