0 0
500 91386
1000 120674
1500 109539
2000 82972
2500 116198
3000 70536
3500 72885
4000 108111
4500 92498
5000 77307
5500 76685
6000 69705
6500 71425
7000 75719
7500 69958
8000 84872
8500 83053
9000 81416
9500 100087
10000 81319
10500 76241
11000 68875
11500 71277
12000 85096
12500 84737
13000 87674
13500 82964
14000 64838
14500 63767
15000 63266
15500 63480
16000 74015
16500 77528
17000 73229
17500 74738
18000 77865
18500 58268
19000 55579
19500 55966
20000 94809
20500 89978
21000 94967
21500 86203
22000 57586
22500 54754
23000 53223
23500 77242
24000 92103
24500 58596
25000 51897
25500 55508
26000 55659
26500 58335
27000 56079
27500 47857
28000 48638
28500 70214
29000 51176
29500 56132
30000 48194
30500 65772
31000 48753
31500 48647
32000 47000
32500 66920
33000 65623
33500 55646
34000 47357
34500 53281
35000 45370
35500 48620
36000 44904
36500 66615
37000 60493
37500 45987
38000 54903
38500 68764
39000 48181
39500 46886
40000 55438
40500 46728
41000 117218
41500 44440
42000 44405
42500 44250
43000 69365
43500 44450
44000 46327
44500 43398
45000 48658
45500 42095
46000 43178
46500 54040
47000 39316
47500 48074
48000 38857
48500 40561
49000 38915
49500 40231
50000 47936
50500 38902
51000 39453
51500 39143
52000 38293
52500 44177
53000 37973
53500 38552
54000 41719
54500 51584
55000 42150
55500 38106
56000 37891
56500 43017
57000 47340
57500 39747
58000 37868
58500 38637
59000 43555
59500 38301
60000 39905
60500 40308
61000 38662
61500 37722
62000 39817
62500 65409
63000 56862
63500 41804
64000 38300
64500 39969
65000 58968
65500 42365
66000 37956
66500 39675
67000 39957
67500 39641
68000 39042
68500 41192
69000 39042
69500 38565
70000 37082
70500 38913
71000 42169
71500 38930
72000 39801
72500 37092
73000 38394
73500 40303
74000 38516
74500 38712
75000 60185
75500 38417
76000 37012
76500 41119
77000 37597
77500 55797
78000 38747
78500 39939
79000 60116
79500 47650
80000 53943
80500 52916
81000 36613
81500 36217
82000 83516
82500 35286
83000 33426
83500 36190
84000 36409
84500 34793
85000 36879
85500 35845
86000 38024
86500 36587
87000 43623
87500 31922
88000 41728
88500 31905
89000 37286
89500 31983
90000 30953
90500 33365
91000 31870
91500 33547
92000 34384
92500 32767
93000 32281
93500 31532
94000 31205
94500 43146
95000 32819
95500 31973
96000 33079
96500 32433
97000 32500
97500 48664
98000 43771
98500 36419
99000 32080
99500 32473
99999 34828
