0 0
500 33525
1000 23130
1500 30128
2000 25400
2500 39537
3000 27795
3500 19977
4000 20879
4500 19785
5000 19886
5500 19481
6000 18949
6500 21574
7000 25257
7500 24384
8000 24753
8500 25543
9000 24970
9500 28959
10000 24569
10500 24525
11000 24444
11500 24098
12000 24301
12500 24097
13000 24137
13500 24311
14000 24740
14500 24141
15000 24034
15500 24345
16000 23930
16500 24243
17000 23825
17500 24168
18000 24858
18500 26954
19000 24576
19500 24214
20000 24173
20500 24255
21000 23984
21500 24335
22000 24198
22500 24288
23000 23966
23500 24184
24000 24144
24500 25248
25000 24232
25500 25802
26000 24570
26500 24474
27000 24384
27500 27810
28000 24857
28500 24957
29000 24302
29500 24883
30000 24396
30500 25646
31000 24518
31500 24791
32000 24783
32500 25218
33000 24706
33500 24320
34000 24541
34500 24496
35000 24651
35500 24866
36000 25044
36500 28027
37000 25615
37500 25022
38000 24669
38500 24669
39000 24923
39500 24954
40000 26857
40500 25175
41000 24456
41500 25037
42000 26723
42500 24768
43000 24922
43500 25823
44000 24303
44500 24964
45000 21709
45500 25436
46000 27181
46500 25465
47000 28932
47500 24639
48000 23980
48500 26762
49000 25234
49500 24964
50000 26839
50500 25452
51000 24200
51500 24896
52000 25299
52500 25026
53000 24891
53500 26225
54000 25438
54500 24895
55000 24489
55500 25080
56000 25055
56500 24563
57000 24902
57500 24834
58000 24959
58500 24495
59000 23869
59500 24310
60000 23947
60500 24487
61000 24327
61500 24878
62000 21627
62500 24278
63000 24548
63500 25693
64000 25237
64500 24375
65000 24213
65500 24545
66000 24344
66500 25844
67000 24999
67500 24663
68000 24566
68500 24296
69000 24206
69500 24179
70000 23871
70500 24128
71000 23959
71500 23589
72000 24285
72500 24439
73000 24737
73500 24178
74000 24055
74500 24434
75000 37791
75500 39198
76000 22889
76500 22938
77000 25372
77500 25204
78000 22869
78500 27153
79000 23029
79500 34802
80000 28477
80500 22903
81000 25473
81500 24744
82000 24019
82500 24811
83000 23746
83500 24114
84000 24034
84500 24639
85000 24223
85500 24518
86000 24400
86500 25508
87000 24456
87500 25085
88000 23785
88500 24647
89000 24651
89500 30034
90000 24772
90500 25827
91000 24956
91500 25285
92000 24517
92500 24709
93000 24155
93500 24195
94000 23864
94500 24490
95000 24134
95500 25858
96000 25483
96500 25570
97000 24197
97500 24908
98000 24160
98500 24603
99000 24579
99500 24292
100000 579699
100500 1409177
101000 15863
101500 15361
102000 15656
102500 14433
103000 14637
103500 14389
104000 16684
104500 18354
105000 17462
105500 17152
106000 18744
106500 13147
107000 14092
107500 14726
108000 15109
108500 14838
109000 14668
109500 15275
110000 14441
110500 13773
111000 13708
111500 13343
112000 13192
112500 13470
113000 13153
113500 13809
114000 14552
114500 13463
115000 13575
115500 13283
116000 14284
116500 13035
117000 13690
117500 13852
118000 13828
118500 13857
119000 15152
119500 13286
120000 13726
120500 13451
121000 15035
121500 13653
122000 13465
122500 13902
123000 13794
123500 13384
124000 14071
124500 14502
125000 14352
125500 15234
126000 14183
126500 14093
127000 13547
127500 13949
128000 14247
128500 13653
129000 14196
129500 13871
130000 14006
130500 14584
131000 15285
131500 13521
132000 14338
132500 14169
133000 14076
133500 16246
134000 15154
134500 14176
135000 14067
135500 13848
136000 14510
136500 13067
137000 14625
137500 13951
138000 13907
138500 14244
139000 13747
139500 16128
140000 14964
140500 15202
141000 14525
141500 13659
142000 14511
142500 14445
143000 14072
143500 13878
144000 14795
144500 14960
145000 14223
145500 13896
146000 14545
146500 14016
147000 15066
147500 14951
148000 13941
148500 14807
149000 15503
149500 13651
150000 14392
150500 15272
151000 14765
151500 13164
152000 14012
152500 13920
153000 15758
153500 15161
154000 15179
154500 14987
155000 15236
155500 14174
156000 14892
156500 14184
157000 15151
157500 14594
158000 14088
158500 14394
159000 14460
159500 16252
160000 16627
160500 15545
161000 14860
161500 14809
162000 15523
162500 15653
163000 14564
163500 15557
164000 15224
164500 15382
165000 15895
165500 15401
166000 15928
166500 15879
167000 15439
167500 16361
168000 17621
168500 14633
169000 15166
169500 16238
170000 21623
170500 16248
171000 14915
171500 16581
172000 14542
172500 17634
173000 14558
173500 15269
174000 14925
174500 15972
175000 14948
175500 15878
176000 15641
176500 15481
177000 17364
177500 14748
178000 15005
178500 15736
179000 16277
179500 14910
180000 15145
180500 14771
181000 15987
181500 15467
182000 14796
182500 14894
183000 15608
183500 15980
184000 15394
184500 13855
185000 14946
185500 15047
186000 17116
186500 15118
187000 15559
187500 15235
188000 14917
188500 16291
189000 15522
189500 15129
190000 15725
190500 14909
191000 15836
191500 15552
192000 16109
192500 15303
193000 16057
193500 15715
194000 15985
194500 15775
195000 16895
195500 15891
196000 15359
196500 15015
197000 15300
197500 16660
198000 16762
198500 15842
199000 16036
199500 16933
200000 1260944
200500 1483800
201000 24644
201500 21683
202000 22297
202500 23262
203000 22160
203500 23003
204000 24957
204500 21517
205000 29705
205500 29680
206000 24917
206500 19972
207000 20689
207500 23975
208000 21026
208500 22658
209000 21185
209500 22272
210000 22713
210500 20724
211000 21696
211500 21728
212000 22300
212500 22260
213000 22202
213500 23643
214000 23341
214500 22199
215000 22582
215500 35216
216000 20587
216500 21232
217000 17653
217500 19753
218000 20498
218500 22547
219000 21349
219500 21078
220000 21288
220500 20580
221000 21336
221500 20365
222000 19977
222500 21480
223000 20916
223500 22192
224000 20544
224500 20689
225000 21350
225500 20498
226000 20613
226500 21307
227000 20864
227500 21263
228000 19903
228500 21057
229000 18679
229500 20669
230000 20752
230500 34020
231000 21581
231500 20342
232000 20890
232500 16721
233000 20610
233500 20494
234000 23346
234500 23877
235000 22592
235500 22090
236000 20991
236500 21065
237000 21638
237500 20866
238000 20651
238500 20791
239000 21592
239500 21061
240000 22093
240500 21264
241000 20210
241500 20050
242000 20761
242500 22301
243000 20916
243500 23217
244000 19969
244500 20707
245000 20034
245500 19929
246000 21887
246500 21195
247000 21025
247500 20527
248000 20451
248500 21875
249000 20819
249500 20926
250000 21862
250500 20707
251000 21453
251500 21494
252000 20046
252500 21359
253000 21090
253500 22641
254000 20685
254500 20803
255000 21184
255500 20672
256000 20359
256500 20614
257000 20274
257500 20468
258000 19787
258500 20350
259000 20218
259500 20778
260000 20259
260500 24519
261000 20572
261500 20960
262000 19788
262500 20773
263000 20560
263500 20131
264000 21001
264500 20419
265000 20623
265500 20769
266000 20858
266500 20892
267000 20358
267500 21451
268000 20638
268500 21699
269000 19874
269500 23444
270000 21310
270500 20652
271000 20104
271500 21705
272000 20241
272500 20484
273000 29287
273500 27420
274000 19742
274500 19435
275000 18285
275500 22895
276000 21222
276500 20689
277000 20444
277500 23050
278000 20450
278500 20298
279000 20559
279500 27511
280000 21770
280500 21354
281000 20361
281500 21448
282000 21249
282500 20503
283000 22370
283500 20551
284000 20686
284500 21522
285000 20370
285500 21205
286000 20737
286500 20323
287000 22840
287500 21313
288000 22131
288500 21994
289000 20375
289500 20650
290000 20847
290500 20661
291000 22443
291500 21569
292000 22350
292500 21524
293000 20410
293500 20684
294000 21356
294500 21689
295000 20813
295500 20828
296000 22112
296500 21770
297000 20399
297500 20806
298000 20826
298500 21303
299000 20696
299500 21501
299997 21386
