0 0
500 205149
1000 210690
1500 230781
2000 229711
2500 263123
3000 286023
3500 272598
4000 228310
4500 260055
5000 261682
5500 273080
6000 269528
6500 263140
7000 312935
7500 339570
8000 337057
8500 338850
9000 277689
9500 232660
10000 255657
10500 207994
11000 220426
11500 181516
12000 182784
12500 185782
13000 183881
13500 193308
14000 164680
14500 156596
15000 165634
15500 162006
16000 167742
16500 143347
17000 156239
17500 170646
18000 156849
18500 156847
19000 161451
19500 143872
20000 136297
20500 140042
21000 143226
21500 172197
22000 152192
22500 135068
23000 131515
23500 134116
24000 132875
24500 145227
25000 133991
25500 135980
26000 135067
26500 135708
27000 134418
27500 131328
28000 130960
28500 141930
29000 192548
29500 133355
30000 131064
30500 131436
31000 132206
31500 132144
32000 130895
32500 131196
33000 141177
33500 156166
34000 156835
34500 164646
35000 162682
35500 155521
36000 153432
36500 153607
37000 154471
37500 154123
38000 168281
38500 154638
39000 154239
39500 154801
40000 150909
40500 154526
41000 153144
41500 153663
42000 154060
42500 161584
43000 155762
43500 154525
44000 154014
44500 157438
45000 166778
45500 153370
46000 155437
46500 154518
47000 157065
47500 151147
48000 168228
48500 153602
49000 151358
49500 161998
50000 153424
50500 154536
51000 152087
51500 149569
52000 153669
52500 153228
53000 155560
53500 154048
54000 153453
54500 174777
55000 153628
55500 153965
56000 156460
56500 164542
57000 151939
57500 151639
58000 151719
58500 151787
59000 150972
59500 152948
60000 153063
60500 151354
61000 152396
61500 153931
62000 154036
62500 156459
63000 154288
63500 158632
64000 160177
64500 154378
65000 153393
65500 155155
66000 170794
66500 177091
67000 172080
67500 172626
68000 170905
68500 172817
69000 170394
69500 174362
70000 174304
70500 174921
71000 173924
71500 173540
72000 174263
72500 175160
73000 182130
73500 174215
74000 171881
74500 184603
75000 172798
75500 185744
76000 176955
76500 179668
77000 185855
77500 183071
78000 179779
78500 179017
79000 180390
79500 183435
80000 186265
80500 177136
81000 179460
81500 204637
82000 181659
82500 177503
83000 183109
83500 177859
84000 178099
84500 176189
85000 178676
85500 183239
86000 179737
86500 178404
87000 181854
87500 181650
88000 180471
88500 181190
89000 181862
89500 181073
90000 180622
90500 183049
91000 181949
91500 179769
92000 179361
92500 181006
93000 185081
93500 182706
94000 180516
94500 182841
95000 177892
95500 179382
96000 180113
96500 212660
97000 180606
97500 178928
98000 184537
98500 184603
99000 181583
99500 182167
100000 184233
100500 67716
101000 70750
101500 68120
102000 69292
102500 68284
103000 70311
103500 74763
104000 72880
104500 73292
105000 73172
105500 73601
106000 74369
106500 71311
107000 74120
107500 72241
108000 75840
108500 70111
109000 70418
109500 71363
110000 70067
110500 70720
111000 71508
111500 74198
112000 72005
112500 70929
113000 71125
113500 73519
114000 74268
114500 71148
115000 72513
115500 72653
116000 74898
116500 81680
117000 72765
117500 71714
118000 70532
118500 74548
119000 70207
119500 71229
120000 74065
120500 72963
121000 70002
121500 69053
122000 75325
122500 72955
123000 71035
123500 72515
124000 72243
124500 74359
125000 71538
125500 70663
126000 71406
126500 71001
127000 71055
127500 74788
128000 75938
128500 73319
129000 70718
129500 74268
130000 73383
130500 72253
131000 73791
131500 71912
132000 74648
132500 73580
133000 75032
133500 70266
134000 73536
134500 72692
135000 72759
135500 76516
136000 78285
136500 73093
137000 75020
137500 72826
138000 71322
138500 72719
139000 72936
139500 71898
140000 73794
140500 74293
141000 72550
141500 68916
142000 71146
142500 72875
143000 72992
143500 73146
144000 74264
144500 74822
145000 73180
145500 79482
146000 70804
146500 74620
147000 71108
147500 70565
148000 70848
148500 72473
149000 73578
149500 71124
150000 70444
150500 75194
151000 73845
151500 69199
152000 70665
152500 70248
153000 74612
153500 71598
154000 70935
154500 72528
155000 76918
155500 72205
156000 71315
156500 72216
157000 71496
157500 73134
158000 70721
158500 74090
159000 69435
159500 71376
160000 70205
160500 72017
161000 74809
161500 72288
162000 74380
162500 70509
163000 72729
163500 69478
164000 75273
164500 70757
165000 72867
165500 81702
166000 69399
166500 67150
167000 66290
167500 68667
168000 63881
168500 64963
169000 68258
169500 65265
170000 67314
170500 67763
171000 68028
171500 62616
172000 66175
172500 67260
173000 66498
173500 66809
174000 66497
174500 66810
175000 65306
175500 66572
176000 64693
176500 65196
177000 68812
177500 67602
178000 66893
178500 65967
179000 66256
179500 67395
180000 67147
180500 69533
181000 65687
181500 66760
182000 66780
182500 64994
183000 64572
183500 67602
184000 69736
184500 62037
185000 66481
185500 68818
186000 69000
186500 64859
187000 65160
187500 69807
188000 65436
188500 63250
189000 63128
189500 64443
190000 66909
190500 63347
191000 65501
191500 65585
192000 67412
192500 67749
193000 69184
193500 69621
194000 65798
194500 65206
195000 65643
195500 72581
196000 65500
196500 68274
197000 72289
197500 72047
198000 70315
198500 71854
199000 73507
199500 70312
200000 74838
200500 70428
201000 66859
201500 68996
202000 68691
202500 71723
203000 70274
203500 73275
204000 73280
204500 72056
205000 74669
205500 74506
206000 71235
206500 74417
207000 73653
207500 73824
208000 72869
208500 72359
209000 71424
209500 72566
210000 73379
210500 70494
211000 71794
211500 73075
212000 73178
212500 71523
213000 70968
213500 73642
214000 73501
214500 73340
215000 76681
215500 75143
216000 71439
216500 73122
217000 70896
217500 72288
218000 72759
218500 72300
219000 72117
219500 72452
220000 71391
220500 72499
221000 69015
221500 71466
222000 78301
222500 72119
223000 73326
223500 73070
224000 74486
224500 75676
225000 72784
225500 71685
226000 71861
226500 75856
227000 75126
227500 73873
228000 74075
228500 73497
229000 72272
229500 73241
230000 73734
230500 72992
231000 74702
231500 72407
232000 69941
232500 72683
233000 73849
233500 69888
234000 73700
234500 72133
235000 73827
235500 73789
236000 72961
236500 74015
237000 71893
237500 72921
238000 72764
238500 72288
239000 71570
239500 72653
240000 73021
240500 74369
241000 72047
241500 68930
242000 71378
242500 70868
243000 72794
243500 70715
244000 73026
244500 74876
245000 71212
245500 72813
246000 70921
246500 74766
247000 72716
247500 77976
248000 71080
248500 73342
249000 72023
249500 75008
250000 76402
250500 72444
251000 70499
251500 73445
252000 73160
252500 72970
253000 78392
253500 72856
254000 71980
254500 72972
255000 71752
255500 74032
256000 74065
256500 70569
257000 72535
257500 73020
258000 71858
258500 73986
259000 70912
259500 74226
260000 71047
260500 74268
261000 71392
261500 75751
262000 72675
262500 76670
263000 71711
263500 73539
264000 71387
264500 71685
265000 74071
265500 74093
266000 67425
266500 66384
267000 66364
267500 65821
268000 66472
268500 64402
269000 67430
269500 68262
270000 65585
270500 65015
271000 67020
271500 68407
272000 65685
272500 69447
273000 68489
273500 65214
274000 65836
274500 64691
275000 63613
275500 66474
276000 66218
276500 64453
277000 69264
277500 67961
278000 68161
278500 68335
279000 66967
279500 64584
280000 69129
280500 66357
281000 67185
281500 66565
282000 66157
282500 64802
283000 66718
283500 66109
284000 70859
284500 66588
285000 68280
285500 65441
286000 65691
286500 67443
287000 64261
287500 64278
288000 65114
288500 67056
289000 70615
289500 65013
290000 64313
290500 70834
291000 68763
291500 65571
292000 68275
292500 65521
293000 74054
293500 74161
294000 66407
294500 65934
295000 67137
295500 68587
296000 65836
296500 68914
297000 73041
297500 72994
298000 71359
298500 73125
299000 70225
299500 71277
299997 70555
