0 0
500 46708
1000 57943
1500 40977
2000 35933
2500 35396
3000 35840
3500 23526
4000 25454
4500 26392
5000 24336
5500 24321
6000 25605
6500 24622
7000 23859
7500 25576
8000 37987
8500 31222
9000 31190
9500 29944
10000 32679
10500 27753
11000 27556
11500 28148
12000 27995
12500 29802
13000 27600
13500 26973
14000 28357
14500 27816
15000 28317
15500 27971
16000 27542
16500 36512
17000 28277
17500 28689
18000 28552
18500 28391
19000 37752
19500 34909
20000 27138
20500 27766
21000 26785
21500 26795
22000 24808
22500 25866
23000 24852
23500 24701
24000 27654
24500 26266
25000 26555
25500 26770
26000 27558
26500 26429
27000 25539
27500 29004
28000 37014
28500 25755
29000 25726
29500 24956
30000 24987
30500 26551
31000 34182
31500 23886
32000 24073
32500 23151
33000 24812
33500 22910
34000 23373
34500 23434
35000 26679
35500 23581
36000 32056
36500 23559
37000 23674
37500 23797
38000 27887
38500 24902
39000 25138
39500 22636
40000 24037
40500 23969
41000 24391
41500 24275
42000 25055
42500 24120
43000 24688
43500 24834
44000 32654
44500 24617
45000 22130
45500 21343
46000 22345
46500 21903
47000 22203
47500 22770
48000 22982
48500 21679
49000 21411
49500 22622
50000 22109
50500 23095
51000 21510
51500 21380
52000 22442
52500 22681
53000 23054
53500 23895
54000 22835
54500 22260
55000 21869
55500 22496
56000 22539
56500 22296
57000 21198
57500 22611
58000 21588
58500 22081
59000 23124
59500 22213
60000 22420
60500 21268
61000 23132
61500 21353
62000 22524
62500 23815
63000 25353
63500 23459
64000 23030
64500 23140
65000 22931
65500 23470
66000 23368
66500 22711
67000 23997
67500 24201
68000 23645
68500 21524
69000 22753
69500 22647
70000 22586
70500 22513
71000 22983
71500 24665
72000 23535
72500 22739
73000 22206
73500 21364
74000 22645
74500 23092
75000 21512
75500 22407
76000 23601
76500 23201
77000 22558
77500 28688
78000 28094
78500 23010
79000 22018
79500 23046
80000 22091
80500 22472
81000 22805
81500 23174
82000 23459
82500 23360
83000 22136
83500 22930
84000 31697
84500 19397
85000 21541
85500 22965
86000 22064
86500 24116
87000 22116
87500 23139
88000 21288
88500 21933
89000 23780
89500 22515
90000 21811
90500 23355
91000 23430
91500 21088
92000 23289
92500 22662
93000 22458
93500 21442
94000 22730
94500 21009
95000 22880
95500 23231
96000 23419
96500 22941
97000 22690
97500 22629
98000 23261
98500 22507
99000 23112
99500 23139
100000 25975
100500 34106
101000 32269
101500 31264
102000 32624
102500 31590
103000 31341
103500 26802
104000 38194
104500 40712
105000 49494
105500 38306
106000 45656
106500 41723
107000 34106
107500 45855
108000 40144
108500 36382
109000 35701
109500 29454
110000 36215
110500 33686
111000 35263
111500 26502
112000 34510
112500 35015
113000 33862
113500 33279
114000 31738
114500 23645
115000 29955
115500 31118
116000 31726
116500 31115
117000 30615
117500 37974
118000 30210
118500 31351
119000 30752
119500 22953
120000 29459
120500 57722
121000 26370
121500 23646
122000 21785
122500 19690
123000 23396
123500 23388
124000 24351
124500 25357
125000 26810
125500 34790
126000 25281
126500 30612
127000 29523
127500 32400
128000 23021
128500 33974
129000 31178
129500 32099
130000 31595
130500 20075
131000 21364
131500 21686
132000 20568
132500 24240
133000 22342
133500 29078
134000 24331
134500 27156
135000 23649
135500 20955
136000 20567
136500 20571
137000 21491
137500 21551
138000 22056
138500 22833
139000 30538
139500 21839
140000 18919
140500 16235
141000 15852
141500 15750
142000 14936
142500 15235
143000 14714
143500 17384
144000 16031
144500 16232
145000 17627
145500 15415
146000 15379
146500 14554
147000 16074
147500 15680
148000 15359
148500 16069
149000 14970
149500 14789
150000 15675
150500 13286
151000 13585
151500 14043
152000 13466
152500 13627
153000 13441
153500 12926
154000 13675
154500 12712
155000 12717
155500 13456
156000 14315
156500 13444
157000 13065
157500 13119
158000 12874
158500 13244
159000 12486
159500 13120
160000 13160
160500 11170
161000 11480
161500 11637
162000 11391
162500 23016
163000 11447
163500 12097
164000 11830
164500 11009
165000 11120
165500 11294
166000 11553
166500 11243
167000 11447
167500 11591
168000 11558
168500 11588
169000 11618
169500 14984
170000 10831
170500 9024
171000 11065
171500 10019
172000 9964
172500 10076
173000 9551
173500 9897
174000 10062
174500 9915
175000 9631
175500 10552
176000 9627
176500 9974
177000 9655
177500 9728
178000 9749
178500 9381
179000 8821
179500 10413
180000 10877
180500 9387
181000 9246
181500 8695
182000 9129
182500 9007
183000 9796
183500 9195
184000 9183
184500 9175
185000 8576
185500 8384
186000 8827
186500 8725
187000 8829
187500 8237
188000 8422
188500 8244
189000 8738
189500 8818
190000 8644
190500 7863
191000 8007
191500 8459
192000 7650
192500 7721
193000 7701
193500 8254
194000 8213
194500 7988
195000 7898
195500 7876
196000 8133
196500 8331
197000 7480
197500 7322
198000 7818
198500 8791
199000 7783
199500 7881
200000 9898
200500 46315
201000 50771
201500 50041
202000 50023
202500 47803
203000 49709
203500 51099
204000 49243
204500 48900
205000 48677
205500 49355
206000 36473
206500 52317
207000 47938
207500 51482
208000 46502
208500 56279
209000 47516
209500 48062
210000 49213
210500 43414
211000 52149
211500 51558
212000 49029
212500 55236
213000 58441
213500 52457
214000 44418
214500 44777
215000 44308
215500 48110
216000 32978
216500 46387
217000 56188
217500 48588
218000 44640
218500 49137
219000 36911
219500 48353
220000 43360
220500 43573
221000 31836
221500 34249
222000 39206
222500 37739
223000 29752
223500 40390
224000 34248
224500 40917
225000 29500
225500 41595
226000 48381
226500 36212
227000 42616
227500 29958
228000 40137
228500 39719
229000 43886
229500 30318
230000 43495
230500 27469
231000 30510
231500 27920
232000 26283
232500 26940
233000 26545
233500 34342
234000 27298
234500 30503
235000 40028
235500 37259
236000 28359
236500 25727
237000 27156
237500 26341
238000 27382
238500 28469
239000 37361
239500 33757
240000 30870
240500 26523
241000 24654
241500 24785
242000 29262
242500 30855
243000 24896
243500 23807
244000 29934
244500 24292
245000 36959
245500 27494
246000 25539
246500 25255
247000 30801
247500 23975
248000 24782
248500 33279
249000 25531
249500 23764
250000 30456
250500 26112
251000 20838
251500 22274
252000 20038
252500 20552
253000 23811
253500 20621
254000 21650
254500 21244
255000 19979
255500 20946
256000 23564
256500 22074
257000 20285
257500 22667
258000 20575
258500 20456
259000 19976
259500 20067
260000 20610
260500 17949
261000 19364
261500 18502
262000 20422
262500 18956
263000 17854
263500 19680
264000 21698
264500 23444
265000 23482
265500 21629
266000 17543
266500 20285
267000 19226
267500 17921
268000 19364
268500 18245
269000 17750
269500 18078
270000 18478
270500 16110
271000 16089
271500 16275
272000 16061
272500 16226
273000 16375
273500 16330
274000 19802
274500 20391
275000 14552
275500 16057
276000 16001
276500 16057
277000 16690
277500 16176
278000 17215
278500 16321
279000 15966
279500 16067
280000 16564
280500 14836
281000 14521
281500 15370
282000 15278
282500 14550
283000 14443
283500 14782
284000 14605
284500 14577
285000 14464
285500 15011
286000 14276
286500 14876
287000 15195
287500 14713
288000 14589
288500 14687
289000 14918
289500 14596
290000 14695
290500 14416
291000 14311
291500 14269
292000 14181
292500 14013
293000 13912
293500 14417
294000 14172
294500 14391
295000 13738
295500 14179
296000 13673
296500 14305
297000 14043
297500 14470
298000 13974
298500 14090
299000 13879
299500 14369
299997 13777
