0 0
500 80246
1000 65817
1500 65301
2000 94654
2500 92349
3000 59397
3500 77599
4000 60435
4500 60259
5000 78071
5500 75018
6000 73725
6500 69280
7000 72904
7500 71129
8000 56025
8500 75455
9000 56130
9500 56595
10000 73736
10500 69365
11000 61167
11500 70197
12000 79951
12500 62986
13000 51422
13500 147558
14000 51760
14500 50717
15000 66866
15500 61467
16000 58073
16500 75287
17000 57465
17500 77107
18000 46150
18500 59437
19000 44655
19500 44046
20000 49465
20500 58523
21000 60344
21500 52254
22000 53717
22500 51950
23000 107364
23500 54796
24000 41566
24500 102460
25000 53905
25500 54419
26000 78996
26500 53146
27000 50366
27500 51295
28000 42759
28500 54396
29000 41610
29500 43133
30000 39772
30500 86102
31000 53113
31500 51229
32000 55809
32500 65408
33000 52324
33500 124732
34000 48335
34500 55034
35000 114007
35500 61208
36000 62050
36500 97142
37000 55914
37500 55844
38000 46760
38500 57976
39000 46594
39500 94876
40000 44786
40500 60981
41000 53097
41500 77125
42000 72908
42500 50279
43000 43811
43500 54586
44000 44095
44500 42062
45000 44891
45500 107295
46000 53073
46500 53531
47000 51144
47500 711642
48000 36585
48500 63546
49000 87515
49500 41223
50000 47104
50500 57588
51000 47906
51500 46034
52000 50845
52500 46764
53000 70972
53500 47587
54000 49189
54500 49845
55000 92957
55500 44433
56000 44657
56500 41502
57000 58939
57500 43916
58000 42462
58500 43648
59000 56567
59500 41874
60000 43734
60500 40999
61000 43431
61500 56224
62000 42287
62500 40462
63000 54998
63500 36368
64000 60804
64500 39521
65000 37584
65500 37284
66000 38592
66500 56907
67000 38523
67500 38035
68000 37632
68500 38677
69000 38342
69500 37073
70000 38757
70500 39637
71000 50534
71500 37458
72000 84950
72500 35386
73000 33101
73500 34147
74000 33427
74500 37432
75000 47201
75500 35577
76000 34019
76500 33173
77000 38197
77500 45668
78000 35235
78500 33130
79000 33205
79500 36669
80000 33017
80500 31209
81000 30153
81500 31302
82000 32681
82500 31438
83000 31404
83500 29872
84000 30682
84500 60952
85000 33366
85500 32622
86000 30106
86500 31015
87000 29517
87500 33879
88000 30704
88500 29720
89000 36541
89500 30856
90000 34222
90500 30572
91000 39511
91500 27886
92000 27639
92500 27801
93000 29305
93500 27407
94000 28598
94500 26882
95000 27765
95500 30099
96000 36025
96500 27248
97000 28056
97500 26657
98000 26450
98500 28118
99000 29494
99500 29553
100000 566891
100500 199975866
101000 203527025
101500 207234772
102000 217059288
102500 215063625
103000 211702619
103500 215744435
104000 212218024
104500 210219803
105000 210347570
105500 208601119
106000 210491514
106500 208615291
107000 209804393
107500 208986980
108000 207513513
108500 207401979
109000 210531086
109500 209535982
110000 208664684
110500 207888300
111000 207054865
111500 208064859
112000 207308529
112500 205907483
113000 206039938
113500 203483010
114000 205728634
114500 206740111
115000 202520554
115500 205527757
116000 204929259
116500 205963262
117000 204974257
117500 203100279
118000 204064604
118500 202374469
119000 207766498
119500 204581239
120000 202971469
120500 205057580
121000 204124002
121500 206883969
122000 233225469
122500 224985006
123000 209749696
123500 206394194
124000 207596928
124500 203624190
125000 204111836
125500 202455816
126000 209220321
126500 212217752
127000 208353552
127500 208610378
128000 207092371
128500 209118998
129000 208785997
129500 206118151
130000 211573725
130500 208817941
131000 209054960
131500 211796551
132000 205187624
132500 211060237
133000 215513059
133500 214301080
134000 206657561
134500 206273832
135000 207086267
135500 204903243
136000 208643736
136500 207239192
137000 203866192
137500 203051797
138000 206594174
138500 215481117
139000 214943324
139500 215931513
140000 211968688
140500 212913567
141000 208196351
141500 216299034
142000 216146416
142500 216632277
143000 221100723
143500 209259098
144000 204548830
144500 205368757
145000 209596204
145500 205497690
146000 207873143
146500 218008091
147000 233121864
147500 211824749
148000 208417336
148500 217050040
149000 217142187
149500 212104485
150000 212520767
150500 212567538
151000 209564349
151500 216254278
152000 219950645
152500 210213517
153000 208079240
153500 211094428
154000 217884850
154500 216238952
155000 207414141
155500 255410245
156000 224104999
156500 204394645
157000 218738815
157500 225088570
158000 241197670
158500 211129577
159000 216732147
159500 214549127
160000 212428327
160500 212796204
161000 214418911
161500 217309515
162000 209736047
162500 212585135
163000 207371788
163500 215856450
164000 236416578
164500 264491826
165000 212915985
165500 213333045
166000 219709414
166500 220453436
167000 214126798
167500 222186778
168000 231077378
168500 223418934
169000 210778982
169500 206911861
170000 205631164
170500 209564787
171000 208127858
171500 216655264
172000 208958602
172500 227966220
173000 224327236
173500 213408407
174000 208802838
174500 221638298
175000 222717288
175500 211464143
176000 214547231
176500 210699618
177000 211297240
177500 302857670
178000 222379923
178500 206566750
179000 214837011
179500 215688692
180000 214827089
180500 217205567
181000 216892648
181500 209813410
182000 209394725
182500 210714835
183000 212856291
183500 209180244
184000 204213128
184500 212134511
185000 217774462
185500 234808712
186000 213655525
186500 215701206
187000 222422631
187500 209549300
188000 208357354
188500 206305375
189000 209454339
189500 210322108
190000 207454625
190500 212978123
191000 235506858
191500 211622744
192000 211527333
192500 214712891
193000 215189030
193500 206639302
194000 217790736
194500 214333295
195000 212305417
195500 206961578
196000 208332731
196500 216335671
197000 216719638
197500 206172618
198000 214496487
198500 221394280
199000 268418642
199500 230744307
200000 213587685
200500 213356593
201000 211452477
201500 213688152
202000 211557709
202500 208522611
203000 208067248
203500 204320883
204000 205765826
204500 388396178
205000 372320703
205500 332215028
206000 221507354
206500 198054385
207000 194575469
207500 192117978
208000 189521056
208500 188352619
209000 189266542
209500 185161590
210000 185235646
210500 182945748
211000 174948368
211500 171550617
212000 175502826
212500 170339943
213000 180627498
213500 209330129
214000 310827725
214500 267168077
215000 272271435
215500 236039330
216000 165054577
216500 168055662
217000 156471856
217500 149160822
218000 148301084
218500 152866129
219000 150906775
219500 158188626
220000 163537033
220500 148413475
221000 149360576
221500 150253314
222000 142440551
222500 138868216
223000 142023532
223500 142083696
224000 138740869
224500 134483085
225000 140746691
225500 134333213
226000 131436621
226500 127350590
227000 127435644
227500 125327966
228000 123478523
228500 130432753
229000 124115158
229500 124559094
230000 130253108
230500 123575397
231000 125688848
231500 117424989
232000 115108587
232500 117066637
233000 116597407
233500 112789505
234000 131697814
234500 137609260
235000 115566475
235500 111349359
236000 109620145
236500 108428052
237000 104263505
237500 102239513
238000 103701141
238500 104872779
239000 102469477
239500 102548389
240000 105529684
240500 100489171
241000 98571311
241500 94617700
242000 93632773
242500 92544245
243000 93261657
243500 93514875
244000 92151966
244500 91299487
245000 91224288
245500 87819666
246000 85714162
246500 85207316
247000 86001986
247500 85223700
248000 84640346
248500 83325330
249000 81603472
249500 81341770
250000 79482366
250500 77482061
251000 77732633
251500 78747713
252000 77626159
252500 76124272
253000 74628079
253500 73947731
254000 72196435
254500 70970978
255000 70364423
255500 69316740
256000 70887977
256500 68897731
257000 67935159
257500 67031020
258000 67371236
258500 66109914
259000 64262930
259500 63705681
260000 62989199
260500 61974177
261000 61096214
261500 59811999
262000 59126542
262500 58998943
263000 58151890
263500 56562108
264000 55925825
264500 54776560
265000 54073263
265500 53234819
266000 52831741
266500 51850469
267000 52842961
267500 50672044
268000 49897634
268500 48894540
269000 48129725
269500 47184657
270000 46518520
270500 45950171
271000 45831553
271500 44391930
272000 43615606
272500 43900731
273000 42040615
273500 41507622
274000 40415662
274500 39581590
275000 38802747
275500 38028902
276000 37253621
276500 36468079
277000 35705446
277500 35236384
278000 34398820
278500 34731611
279000 33033951
279500 32219697
280000 31653446
280500 30803599
281000 29995214
281500 29661713
282000 28475831
282500 28455644
283000 27360294
283500 26167094
284000 25042730
284500 24358274
285000 23575198
285500 22769847
286000 21984826
286500 21226701
287000 20487717
287500 19714333
288000 18945049
288500 18239317
289000 17762407
289500 16660581
290000 16015869
290500 15237239
291000 14396768
291500 13458367
292000 12790196
292500 11860481
293000 11022819
293500 10172718
294000 9234410
294500 8311642
295000 7496444
295500 7259843
296000 6560413
296500 5518272
297000 4642282
297500 4081782
298000 3037229
298500 2282173
299000 1622134
299500 1180120
299997 221323
