0 0
500 142659
1000 155062
1500 298508
2000 37627
2500 35402
3000 568385
3500 47567
4000 46980
4500 47206
5000 39191
5500 974254
6000 28398
6500 30839
7000 28012
7500 31569
8000 27950
8500 38285
9000 27877
9500 27751
10000 28278
10500 31701
11000 1349459
11500 11771
12000 11023
12500 10198
13000 10356
13500 10191
14000 10304
14500 11637
15000 10577
15500 11660
16000 10545
16500 10257
17000 10198
17500 10623
18000 10798
18500 11665
19000 10525
19500 12074
20000 10516
20500 10315
21000 10156
21500 10508
22000 1248318
22500 11558
23000 10708
23500 11913
24000 10557
24500 10447
25000 10165
25500 10493
26000 10227
26500 11630
27000 10605
27500 11576
28000 10826
28500 10638
29000 10875
29500 10288
30000 10184
30500 11888
31000 10756
31500 11768
32000 10584
32500 10141
33000 10311
33500 10453
34000 10262
34500 11380
35000 11034
35500 11563
36000 10542
36500 10943
37000 10460
37500 10781
38000 10351
38500 11864
39000 10670
39500 11687
40000 10702
40500 10307
41000 11083
41500 10179
42000 10164
42500 11570
43000 10833
43500 11643
44000 2390834
44500 16322
45000 11452
45500 11225
46000 11055
46500 12321
47000 11955
47500 11390
48000 11542
48500 11785
49000 11513
49500 11836
50000 11851
50500 11578
51000 11588
51500 11168
52000 11716
52500 20491
53000 12933
53500 11966
54000 11173
54500 16705
55000 11711
55500 11766
56000 12020
56500 12355
57000 12190
57500 12584
58000 12304
58500 12029
59000 12454
59500 11273
60000 11448
60500 11869
61000 11822
61500 12049
62000 11655
62500 11608
63000 11520
63500 11885
64000 11702
64500 11532
65000 11655
65500 12262
66000 11915
66500 11736
67000 11647
67500 11918
68000 35011
68500 11925
69000 12405
69500 12458
70000 11791
70500 11979
71000 11936
71500 11529
72000 11489
72500 11802
73000 11580
73500 11151
74000 12004
74500 12544
75000 12569
75500 12893
76000 12527
76500 12428
77000 13282
77500 11971
78000 12199
78500 11450
79000 11908
79500 12373
80000 11141
80500 11165
81000 11025
81500 10962
82000 11533
82500 10984
83000 11146
83500 11042
84000 11048
84500 12559
85000 11455
85500 12076
86000 11269
86500 14087
87000 11269
87500 16711
88000 5189913
88500 15080
89000 14798
89500 14299
90000 24317
90500 16358
91000 14091
91500 13811
92000 14010
92500 13977
93000 13796
93500 13807
94000 14032
94500 13673
95000 13827
95500 13612
96000 15679
96500 13715
97000 29425
97500 14852
98000 14313
98500 13900
99000 13890
99500 13606
100000 14118
100500 12519
101000 12647
101500 12379
102000 12424
102500 12508
103000 12426
103500 13026
104000 13045
104500 12855
105000 12498
105500 12445
106000 12219
106500 12659
107000 12014
107500 12307
108000 12186
108500 12287
109000 20849
109500 13334
110000 12272
110500 12467
111000 12424
111500 12334
112000 12423
112500 12528
113000 12265
113500 12515
114000 12648
114500 12287
115000 12176
115500 13030
116000 12550
116500 12425
117000 12333
117500 12396
118000 12272
118500 12482
119000 12311
119500 12189
120000 12346
120500 12414
121000 12400
121500 12196
122000 12227
122500 12808
123000 20561
123500 12976
124000 12336
124500 12454
125000 12248
125500 12466
126000 12420
126500 12514
127000 12308
127500 12346
128000 12519
128500 12236
129000 12624
129500 12389
130000 12319
130500 12199
131000 12190
131500 12372
132000 13266
132500 30247
133000 12265
133500 12761
134000 12669
134500 12526
135000 21180
135500 12856
136000 12154
136500 13855
137000 12525
137500 12506
138000 12551
138500 12231
139000 12778
139500 12231
140000 12626
140500 12407
141000 12262
141500 12360
142000 12559
142500 17916
143000 12354
143500 12277
144000 13345
144500 12397
145000 12235
145500 12311
146000 12114
146500 12287
147000 12164
147500 12397
148000 12120
148500 12283
149000 12272
149500 12434
150000 12103
150500 12219
151000 11995
151500 12697
152000 12334
152500 12546
153000 12259
153500 12250
154000 12475
154500 12375
155000 12387
155500 12405
156000 12176
156500 12358
157000 12306
157500 12164
158000 12138
158500 12267
159000 12334
159500 13974
160000 12387
160500 14621
161000 14270
161500 11180
162000 12344
162500 12393
163000 12350
163500 12267
164000 12140
164500 12385
165000 12338
165500 12367
166000 12201
166500 12113
167000 12565
167500 12492
168000 12429
168500 12351
169000 27311
169500 13228
170000 12694
170500 13050
171000 12458
171500 12233
172000 12271
172500 12257
173000 12323
173500 12375
174000 12352
174500 12371
175000 12351
175500 12600
176000 12527
176500 12299
177000 13776
177500 12351
178000 13617
178500 12926
179000 12354
179500 12397
180000 23399
180500 12989
181000 12330
181500 12270
182000 12334
182500 12195
183000 12328
183500 12137
184000 12402
184500 12345
185000 12191
185500 12157
186000 12262
186500 12153
187000 12454
187500 12227
188000 10798
188500 12846
189000 12489
189500 12309
190000 12575
190500 12354
191000 12647
191500 12234
192000 12292
192500 12154
193000 12446
193500 12637
194000 12414
194500 12401
195000 12568
195500 12324
196000 12487
196500 13667
197000 13282
197500 12782
198000 12707
198500 12755
199000 12594
199500 12485
200000 12431
200500 11276
201000 11857
201500 11423
202000 11269
202500 11253
203000 11337
203500 11361
204000 11664
204500 12107
205000 11203
205500 10747
206000 12170
206500 8942
207000 9029
207500 8433
208000 8358
208500 8535
209000 8391
209500 8495
210000 8550
210500 9033
211000 8744
211500 8367
212000 11586
212500 8859
213000 8716
213500 8761
214000 8541
214500 8375
215000 8906
215500 8421
216000 8381
216500 8462
217000 9052
217500 8524
218000 8628
218500 8457
219000 8407
219500 8511
220000 8398
220500 9614
221000 8931
221500 10091
222000 10075
222500 9381
223000 8431
223500 8883
224000 8412
224500 8462
225000 8916
225500 9018
226000 8390
226500 9048
227000 8708
227500 8665
228000 8431
228500 9056
229000 8465
229500 8433
230000 8870
230500 8454
231000 9061
231500 10984
232000 9190
232500 8389
233000 9382
233500 8362
234000 9250
234500 8962
235000 8419
235500 8382
236000 8406
236500 8429
237000 8822
237500 8545
238000 8632
238500 8866
239000 8398
239500 8850
240000 8458
240500 8926
241000 8608
241500 8413
242000 8472
242500 8449
243000 8845
243500 8409
244000 9287
244500 8457
245000 8498
245500 9093
246000 8430
246500 8465
247000 9054
247500 8403
248000 8936
248500 8507
249000 9166
249500 9019
250000 10562
250500 12287
251000 13003
251500 12549
252000 9857
252500 12077
253000 11230
253500 10734
254000 11322
254500 12556
255000 11838
255500 12155
256000 9606
256500 9615
257000 8978
257500 9043
258000 8880
258500 12145
259000 11691
259500 11524
260000 9438
260500 11915
261000 9133
261500 8513
262000 8692
262500 12277
263000 11301
263500 11571
264000 9820
264500 8920
265000 8573
265500 8865
266000 9182
266500 12545
267000 11385
267500 11528
268000 9612
268500 9087
269000 8630
269500 8370
270000 8429
270500 12500
271000 11539
271500 11774
272000 9469
272500 9206
273000 8379
273500 8999
274000 8370
274500 12081
275000 11883
275500 11630
276000 9422
276500 8883
277000 8452
277500 22365
278000 8994
278500 12111
279000 11301
279500 11757
280000 9101
280500 8972
281000 8356
281500 8375
282000 8379
282500 12765
283000 12044
283500 19417
284000 9889
284500 9159
285000 8597
285500 8782
286000 8448
286500 12109
287000 11957
287500 12112
288000 9337
288500 9241
289000 9531
289500 8420
290000 8390
290500 12081
291000 11521
291500 11503
292000 9975
292500 9166
293000 8441
293500 8399
294000 8383
294500 12075
295000 12669
295500 17095
296000 9303
296500 9065
297000 8751
297500 8996
298000 8361
298500 12117
299000 11471
299500 11487
299997 9094
