0 0
500 1405778
1000 1908658
1500 3321924
2000 4564510
2500 6058816
3000 7240226
3500 8774360
4000 10037454
4500 11487682
5000 13066558
5500 14691284
6000 16411580
6500 17860647
7000 19513540
7500 21158159
8000 22853054
8500 24345603
9000 26370554
9500 27213013
10000 28684978
10500 30321269
11000 31669599
11500 35026341
12000 36375765
12500 39330943
13000 37460961
13500 40719441
14000 40399669
14500 42158697
15000 43511383
15500 44781039
16000 46122750
16500 47871656
17000 49651863
17500 51092816
18000 52873001
18500 54066181
19000 55491716
19500 56815086
20000 58137741
20500 59699567
21000 61040669
21500 62658022
22000 64734123
22500 65623780
23000 68599269
23500 68692424
24000 70417211
24500 71549752
25000 72870450
25500 73904473
26000 76151585
26500 76867710
27000 78350071
27500 79788766
28000 81110879
28500 82676387
29000 87978200
29500 87496498
30000 87102570
30500 88678936
31000 90177715
31500 95121991
32000 94045680
32500 95089807
33000 96127127
33500 97262992
34000 99259884
34500 100423361
35000 103475066
35500 135922841
36000 107040452
36500 106275289
37000 109307529
37500 134862472
38000 119935585
38500 124162842
39000 121673385
39500 115356407
40000 116288056
40500 134624483
41000 121181202
41500 120737307
42000 124124811
42500 124857388
43000 130421073
43500 126808808
44000 128245326
44500 129811193
45000 132363257
45500 132519153
46000 133522562
46500 143120697
47000 146135205
47500 137771098
48000 139066854
48500 141406557
49000 144862784
49500 145368645
50000 154470675
50500 151981913
51000 148296537
51500 150557186
52000 151569134
52500 153702130
53000 155735468
53500 160517273
54000 158183050
54500 158591107
55000 161058638
55500 162461828
56000 162705780
56500 167138088
57000 170943933
57500 169814045
58000 172540411
58500 172792616
59000 175407771
59500 181961677
60000 182745534
60500 179252827
61000 181462576
61500 186447845
62000 184708616
62500 191586771
63000 186513735
63500 189485360
64000 190282036
64500 197346605
65000 205399215
65500 196077198
66000 199730545
66500 200429261
67000 206194998
67500 214230732
68000 206570365
68500 211458958
69000 210036329
69500 214011515
70000 215846756
70500 221804306
71000 219474753
71500 223136272
72000 231892537
72500 223717097
73000 227694772
73500 235842638
74000 244633750
74500 244596282
75000 238691217
75500 238735965
76000 246048816
76500 257335804
77000 258805634
77500 247296703
78000 251603691
78500 266481018
79000 255340088
79500 254509397
80000 272706133
80500 257898664
81000 261335194
81500 267846869
82000 283006604
82500 279009872
83000 273284905
83500 279740062
84000 280871074
84500 280617599
85000 293359585
85500 289277769
86000 287208249
86500 295720436
87000 303360971
87500 319564536
88000 369503454
88500 352155285
89000 310291822
89500 310049439
90000 319568751
90500 321503153
91000 316783087
91500 374723521
92000 324943831
92500 326279838
93000 333516460
93500 374407877
94000 341608648
94500 340285453
95000 374076421
95500 365117886
96000 367401569
96500 361580545
97000 368333373
97500 379418574
98000 366065780
98500 374905941
99000 392537601
99500 380464697
100000 384722109
100500 230954
101000 882088
101500 1551394
102000 2173509
102500 2728927
103000 3428076
103500 4151207
104000 4716494
104500 5431628
105000 6226715
105500 7036477
106000 7745367
106500 8592666
107000 9345421
107500 10170624
108000 11015203
108500 11778810
109000 12547318
109500 13266154
110000 13974900
110500 14784401
111000 15401321
111500 16214544
112000 17120150
112500 17725151
113000 18698719
113500 19211440
114000 19835748
114500 21095917
115000 21471509
115500 22340709
116000 22640289
116500 23595670
117000 24066984
117500 24753460
118000 25376695
118500 26136752
119000 26849849
119500 27749429
120000 28804536
120500 29540210
121000 29846793
121500 30925699
122000 31608403
122500 32041543
123000 33171281
123500 35028537
124000 37892126
124500 44523562
125000 40580153
125500 40678219
126000 40950570
126500 41854125
127000 38134863
127500 38806536
128000 39480767
128500 40253486
129000 41318459
129500 41704927
130000 42811290
130500 44516542
131000 44079015
131500 44453070
132000 45408588
132500 45857998
133000 46400416
133500 47586477
134000 48083916
134500 49910422
135000 49813559
135500 50206040
136000 50692261
136500 51544659
137000 53851423
137500 58279080
138000 59693378
138500 60072491
139000 59997096
139500 59023073
140000 58902405
140500 60822285
141000 58127294
141500 62413987
142000 60476327
142500 60183098
143000 61032716
143500 62646892
144000 61995417
144500 62986266
145000 72894866
145500 83672601
146000 81895328
146500 83033058
147000 74096253
147500 66809549
148000 69653494
148500 71568937
149000 71895741
149500 70909516
150000 70771838
150500 72311302
151000 73959449
151500 76207315
152000 76370615
152500 74347841
153000 75016246
153500 78771361
154000 79464271
154500 79319817
155000 79584829
155500 80541037
156000 82009133
156500 82678900
157000 84496504
157500 86950452
158000 86245965
158500 84539405
159000 84518176
159500 89419661
160000 90544607
160500 89248042
161000 90880075
161500 91408616
162000 92431202
162500 92563523
163000 90445693
163500 94493533
164000 92724444
164500 96320304
165000 96232731
165500 99387351
166000 102698384
166500 104865011
167000 103618712
167500 107759280
168000 108555641
168500 109812696
169000 106861116
169500 103674868
170000 108273856
170500 108473481
171000 113223384
171500 107997964
172000 109129577
172500 108836837
173000 114331422
173500 113460597
174000 115786881
174500 118826695
175000 115784494
175500 117272092
176000 125015407
176500 125792511
177000 120365490
177500 126142816
178000 138405085
178500 128757908
179000 124830034
179500 127987851
180000 130239820
180500 134508045
181000 129880102
181500 129884164
182000 137400028
182500 142295677
183000 142632959
183500 142296304
184000 149669392
184500 138172517
185000 140900745
185500 146997726
186000 154207942
186500 153390748
187000 152098903
187500 146041962
188000 151616674
188500 158122500
189000 154870161
189500 153968685
190000 165776407
190500 165730095
191000 161632988
191500 161662139
192000 162583633
192500 168025164
193000 169059498
193500 168662246
194000 165652166
194500 175290828
195000 178628499
195500 177749725
196000 179099818
196500 177019805
197000 206152052
197500 176289561
198000 218825212
198500 196105987
199000 186661521
199500 190877450
200000 188007919
200500 217018
201000 882310
201500 1532831
202000 2134382
202500 2886253
203000 3447439
203500 4371409
204000 4738918
204500 5431325
205000 6290104
205500 7005988
206000 7785271
206500 8593635
207000 9314289
207500 10382274
208000 10991246
208500 11769264
209000 12864169
209500 13742313
210000 14696971
210500 19580390
211000 17423615
211500 19106556
212000 19042958
212500 20386835
213000 20214290
213500 21114347
214000 21782519
214500 22585857
215000 23440515
215500 24782893
216000 24858231
216500 25689299
217000 26807980
217500 27424236
218000 28229045
218500 29026437
219000 31661280
219500 32132655
220000 32222692
220500 34120534
221000 34750210
221500 30365594
222000 30990710
222500 32304115
223000 32870221
223500 33373182
224000 33986081
224500 35876789
225000 35508767
225500 36597438
226000 37047289
226500 38082555
227000 43768832
227500 59871412
228000 77857949
228500 59474942
229000 41942250
229500 42206035
230000 43609123
230500 43834061
231000 46016957
231500 44351234
232000 45300122
232500 46456513
233000 46988583
233500 47255463
234000 49690428
234500 48621790
235000 49361319
235500 50842907
236000 52503967
236500 52884613
237000 53020980
237500 53388480
238000 54379389
238500 54447049
239000 55596563
239500 56353777
240000 57226092
240500 58797815
241000 59279126
241500 58946596
242000 63988624
242500 63854591
243000 68171206
243500 61452181
244000 62002836
244500 63082852
245000 64075055
245500 65765882
246000 69548694
246500 68308905
247000 69357298
247500 70665461
248000 72787648
248500 69350434
249000 69179807
249500 70018123
250000 71329721
250500 76711322
251000 74056560
251500 74861552
252000 75664883
252500 77255210
253000 77822434
253500 77244383
254000 78811478
254500 78116492
255000 85540037
255500 93861032
256000 93254599
256500 98379274
257000 101272444
257500 83643640
258000 83514231
258500 83941665
259000 84272495
259500 85616909
260000 87164924
260500 90552521
261000 90557883
261500 91493201
262000 91564104
262500 90570159
263000 90499546
263500 93990487
264000 92967155
264500 104163153
265000 113584000
265500 115710277
266000 99025986
266500 97037745
267000 101397235
267500 100416517
268000 100394683
268500 102614926
269000 102007236
269500 102857615
270000 104100152
270500 104633840
271000 106084603
271500 106493836
272000 114981060
272500 107969062
273000 110838370
273500 111260850
274000 112409630
274500 112863767
275000 114648016
275500 117188378
276000 123595284
276500 126854364
277000 126574727
277500 128983868
278000 125185364
278500 126329768
279000 125345790
279500 126126014
280000 127112618
280500 136478619
281000 137057290
281500 139092209
282000 139692691
282500 139789148
283000 143349928
283500 138711287
284000 163325166
284500 160265502
285000 139509761
285500 139593065
286000 142470672
286500 142681192
287000 142771262
287500 149879019
288000 148747892
288500 149477319
289000 148950891
289500 170168464
290000 156467016
290500 155977972
291000 154456147
291500 156093703
292000 157044356
292500 162979807
293000 164545384
293500 161398955
294000 167210620
294500 167382452
295000 166740918
295500 167809108
296000 174004217
296500 172038168
297000 171745791
297500 174711508
298000 175296711
298500 177715950
299000 187205565
299500 191839874
299997 188126880
