0 0
500 39977
1000 29703
1500 33196
2000 18914
2500 40619
3000 23529
3500 23735
4000 62805
4500 48713
5000 22537
5500 23023
6000 22602
6500 24512
7000 24005
7500 25043
8000 23865
8500 73439
9000 24190
9500 25048
10000 92528
10500 24732
11000 24416
11500 24777
12000 24837
12500 23479
13000 25198
13500 25153
14000 25198
14500 25068
15000 24837
15500 25198
16000 24802
16500 127444
17000 24396
17500 24968
18000 24772
18500 24943
19000 25203
19500 25449
20000 24968
20500 23524
21000 21390
21500 23519
22000 21975
22500 21139
23000 22482
23500 21455
24000 22853
24500 22878
25000 61883
25500 21547
26000 19818
26500 85037
27000 21970
27500 20331
28000 21730
28500 21930
29000 22576
29500 22415
30000 22003
30500 21802
31000 22232
31500 20981
32000 21330
32500 21778
33000 193799
33500 20848
34000 22104
34500 22882
35000 22283
35500 20347
36000 21194
36500 22070
37000 22327
37500 23186
38000 22144
38500 22179
39000 22224
39500 23036
40000 22517
40500 23146
41000 22015
41500 21992
42000 22874
42500 22080
43000 22456
43500 20460
44000 21321
44500 20804
45000 20379
45500 22118
46000 22705
46500 22804
47000 22456
47500 20871
48000 22671
48500 22234
49000 22892
49500 22671
50000 23380
50500 22184
51000 20647
51500 22087
52000 22497
52500 20487
53000 22172
53500 21943
54000 22620
54500 22042
55000 23226
55500 22232
56000 22469
56500 21144
57000 22876
57500 22268
58000 21626
58500 22207
59000 22256
59500 20272
60000 21621
60500 58165
61000 21353
61500 22386
62000 23102
62500 22139
63000 47020
63500 21373
64000 22083
64500 20559
65000 22127
65500 21846
66000 377515
66500 20692
67000 23169
67500 20679
68000 22592
68500 21658
69000 22164
69500 17103
70000 19680
70500 19986
71000 20219
71500 20456
72000 41007
72500 19468
73000 20070
73500 19890
74000 19995
74500 20118
75000 20254
75500 19840
76000 20888
76500 19741
77000 45877
77500 19665
78000 20122
78500 19973
79000 19586
79500 18933
80000 18823
80500 18700
81000 10798
81500 19234
82000 20604
82500 19629
83000 20083
83500 18515
84000 19533
84500 20387
85000 19188
85500 19558
86000 19589
86500 19986
87000 19974
87500 58130
88000 18884
88500 20371
89000 19986
89500 20254
90000 20391
90500 20527
91000 19392
91500 18122
92000 19478
92500 19946
93000 20395
93500 19725
94000 19148
94500 20218
95000 19895
95500 18907
96000 20215
96500 19802
97000 50472
97500 19333
98000 20343
98500 19734
99000 21842
99500 19878
100000 19930
100500 78879
101000 79676
101500 101634
102000 82803
102500 73015
103000 72975
103500 74068
104000 72567
104500 73950
105000 73814
105500 74592
106000 73032
106500 77552
107000 84361
107500 67158
108000 66985
108500 72320
109000 68238
109500 69267
110000 67091
110500 67740
111000 69487
111500 66677
112000 67967
112500 79314
113000 60888
113500 61616
114000 60697
114500 62968
115000 62902
115500 60124
116000 62040
116500 61888
117000 63953
117500 64480
118000 62195
118500 62066
119000 55678
119500 54107
120000 55739
120500 56492
121000 54285
121500 55105
122000 56445
122500 53816
123000 55138
123500 55458
124000 55556
124500 54080
125000 62243
125500 46604
126000 47737
126500 49557
127000 48706
127500 47888
128000 46845
128500 48043
129000 47080
129500 48649
130000 47553
130500 47472
131000 47522
131500 49039
132000 47379
132500 42274
133000 42546
133500 45553
134000 42889
134500 42433
135000 42595
135500 45880
136000 43642
136500 42768
137000 44002
137500 45825
138000 43032
138500 43713
139000 41931
139500 42688
140000 44076
140500 52909
141000 37822
141500 39105
142000 40224
142500 37339
143000 38987
143500 42185
144000 38648
144500 38584
145000 38153
145500 37391
146000 37657
146500 37850
147000 38985
147500 38794
148000 37957
148500 38272
149000 56138
149500 47306
150000 39901
150500 33768
151000 35063
151500 34659
152000 33556
152500 34632
153000 34220
153500 34272
154000 33568
154500 34862
155000 33315
155500 34594
156000 35219
156500 34564
157000 33649
157500 59070
158000 36846
158500 33948
159000 34229
159500 35116
160000 29835
160500 31266
161000 31703
161500 30851
162000 31859
162500 33054
163000 30463
163500 83728
164000 33657
164500 29187
165000 30836
165500 31002
166000 30141
166500 31247
167000 33590
167500 30682
168000 31957
168500 30906
169000 31575
169500 31198
170000 31154
170500 42714
171000 31595
171500 32502
172000 32347
172500 30548
173000 48822
173500 32865
174000 30319
174500 30855
175000 34568
175500 30509
176000 30436
176500 31102
177000 30616
177500 32581
178000 31237
178500 28860
179000 30768
179500 30148
180000 30936
180500 31814
181000 31410
181500 31539
182000 30276
182500 31663
183000 30580
183500 32466
184000 31159
184500 30806
185000 30346
185500 31971
186000 33935
186500 30721
187000 39779
187500 34253
188000 30409
188500 32637
189000 31229
189500 31067
190000 30599
190500 31866
191000 31912
191500 30366
192000 31861
192500 31276
193000 32709
193500 32883
194000 33256
194500 41396
195000 31940
195500 31810
196000 31569
196500 31280
197000 32161
197500 31366
198000 31142
198500 40163
199000 32116
199500 34052
200000 467277
200500 82526635
201000 82141184
201500 82060243
202000 81221366
202500 80763799
203000 80197092
203500 79756827
204000 81812143
204500 80274714
205000 79673882
205500 78161910
206000 77499528
206500 77075152
207000 76688408
207500 76391389
208000 76366767
208500 75733663
209000 75116208
209500 74618609
210000 74216895
210500 76063531
211000 73521484
211500 80100885
212000 72694109
212500 72026856
213000 71582177
213500 71167512
214000 72413480
214500 71289733
215000 75746014
215500 78334084
216000 74378963
216500 68727817
217000 68317791
217500 71312846
218000 67984179
218500 66988080
219000 66565485
219500 66178895
220000 65744527
220500 65346411
221000 64977233
221500 64844582
222000 64537169
222500 63898093
223000 63472235
223500 63688013
224000 62493377
224500 62104550
225000 63436805
225500 61306273
226000 64109684
226500 66538612
227000 60054735
227500 59469618
228000 59726473
228500 58610375
229000 58233268
229500 58026629
230000 57909386
230500 57294690
231000 57186365
231500 56765661
232000 59320004
232500 56827240
233000 56308358
233500 56132593
234000 55452022
234500 54389316
235000 53246245
235500 52850667
236000 52518038
236500 52251256
237000 51634844
237500 51238831
238000 50888202
238500 50536993
239000 51590296
239500 54847296
240000 56375298
240500 53085148
241000 48381192
241500 47846384
242000 47427132
242500 46971941
243000 46545934
243500 49804073
244000 45618549
244500 46548447
245000 45314294
245500 45129969
246000 44949380
246500 44959615
247000 44520624
247500 44436124
248000 43315330
248500 41911466
249000 41704648
249500 41518846
250000 40718917
250500 40316624
251000 39914752
251500 39535995
252000 39532544
252500 38947791
253000 38742411
253500 37976203
254000 37553606
254500 37450209
255000 37678755
255500 36008260
256000 35590393
256500 35256286
257000 35437181
257500 34537964
258000 33784972
258500 33433555
259000 32970263
259500 32426198
260000 32143809
260500 31664343
261000 31694724
261500 31007602
262000 30563448
262500 30118906
263000 30601300
263500 29287236
264000 29522972
264500 28419630
265000 28164612
265500 28527638
266000 27182483
266500 26718269
267000 26224466
267500 25815606
268000 25296509
268500 24799707
269000 24210998
269500 23659626
270000 23197907
270500 22908822
271000 22556579
271500 21944494
272000 21478254
272500 22066470
273000 20634949
273500 20210894
274000 19787941
274500 19466995
275000 19174139
275500 19539866
276000 18300711
276500 17886718
277000 17449701
277500 17044181
278000 16776563
278500 16341592
279000 15914332
279500 15540792
280000 15147191
280500 14679001
281000 14248187
281500 14046266
282000 13579382
282500 13245586
283000 12929429
283500 12480856
284000 12100097
284500 11927163
285000 11269606
285500 10921766
286000 10639807
286500 10172874
287000 9726587
287500 9328675
288000 9131259
288500 8658547
289000 8199454
289500 7702014
290000 7203478
290500 6846600
291000 6378628
291500 5861685
292000 5611736
292500 5292020
293000 5072732
293500 4462505
294000 4555244
294500 3792847
295000 3550618
295500 3114888
296000 2772470
296500 2494704
297000 2081758
297500 2022533
298000 1425616
298500 1091611
299000 794363
299500 471398
299997 171127
