0 0
500 13990
1000 10651
1500 13804
2000 7126
2500 20306
3000 11365
3500 5304
4000 5068
4500 24464
5000 5119
5500 5013
6000 4935
6500 4918
7000 5253
7500 4918
8000 5031
8500 41419
9000 4971
9500 4909
10000 5070
10500 5010
11000 4999
11500 5013
12000 5047
12500 4944
13000 4953
13500 4960
14000 5016
14500 4828
15000 4935
15500 4905
16000 5077
16500 77281
17000 5440
17500 5074
18000 5328
18500 4960
19000 4920
19500 5223
20000 4963
20500 5454
21000 5110
21500 5190
22000 4909
22500 5052
23000 4891
23500 4944
24000 5508
24500 4924
25000 4959
25500 4900
26000 4981
26500 5403
27000 4915
27500 5415
28000 5160
28500 4882
29000 4854
29500 4915
30000 5151
30500 4926
31000 4984
31500 4956
32000 4909
32500 5233
33000 149672
33500 5125
34000 4869
34500 4911
35000 5050
35500 4857
36000 5035
36500 4821
37000 5064
37500 4990
38000 4938
38500 5266
39000 4923
39500 5115
40000 4870
40500 5139
41000 5062
41500 4900
42000 5130
42500 5113
43000 4794
43500 5044
44000 5182
44500 5478
45000 4858
45500 4971
46000 4923
46500 5194
47000 5295
47500 4948
48000 4899
48500 5004
49000 4867
49500 5142
50000 4897
50500 4837
51000 4956
51500 5026
52000 5202
52500 4882
53000 5176
53500 4905
54000 4912
54500 5289
55000 5088
55500 5134
56000 5184
56500 4915
57000 5392
57500 4866
58000 5221
58500 4926
59000 5251
59500 4954
60000 4818
60500 5116
61000 4905
61500 4851
62000 4951
62500 4947
63000 5416
63500 5106
64000 5028
64500 5161
65000 5013
65500 5233
66000 657517
66500 7699
67000 7795
67500 7501
68000 7294
68500 7317
69000 7737
69500 8482
70000 7447
70500 9829
71000 7528
71500 7249
72000 7546
72500 7564
73000 8482
73500 7702
74000 7669
74500 7248
75000 7435
75500 7645
76000 6100
76500 8653
77000 7801
77500 7267
78000 7338
78500 10300
79000 7284
79500 7527
80000 8593
80500 7399
81000 7576
81500 7828
82000 7483
82500 7615
83000 7852
83500 8377
84000 7912
84500 7773
85000 7827
85500 7570
86000 7630
86500 8230
87000 7660
87500 8884
88000 7633
88500 7702
89000 7564
89500 7749
90000 7479
90500 7882
91000 8350
91500 7966
92000 7528
92500 7810
93000 7429
93500 7696
94000 7765
94500 11923
95000 7450
95500 8047
96000 7747
96500 7773
97000 6387
97500 7747
98000 9082
98500 7552
99000 7762
99500 11914
99999 9790
