0 0
500 109694
1000 82544
1500 96126
2000 92868
2500 106213
3000 108518
3500 107836
4000 107252
4500 121266
5000 122748
5500 126564
6000 131019
6500 121557
7000 123033
7500 125934
8000 122010
8500 134359
9000 139364
9500 146444
10000 141746
10500 139511
11000 142136
11500 142604
12000 140291
12500 140512
13000 148580
13500 143387
14000 193318
14500 138947
15000 140207
15500 143525
16000 140263
16500 155682
17000 161485
17500 166063
18000 164515
18500 164395
19000 164815
19500 169030
20000 163300
20500 164095
21000 166999
21500 169522
22000 165319
22500 169862
23000 165871
23500 168305
24000 165349
24500 167407
25000 162169
25500 168938
26000 165106
26500 164614
27000 173240
27500 169082
28000 165541
28500 166567
29000 167407
29500 169186
30000 167746
30500 174890
31000 170702
31500 169934
32000 166105
32500 167200
33000 179151
33500 198430
34000 207003
34500 200689
35000 197609
35500 197827
36000 195700
36500 199748
37000 197305
37500 341433
38000 217398
38500 199828
39000 196909
39500 201730
40000 198220
40500 199132
41000 200672
41500 197956
42000 196570
42500 195094
43000 196261
43500 206969
44000 194644
44500 194508
45000 195787
45500 200317
46000 201653
46500 195589
47000 195502
47500 201449
48000 203288
48500 201065
49000 195031
49500 198724
50000 208809
50500 194470
51000 209309
51500 195016
52000 195586
52500 194983
53000 197674
53500 200651
54000 197623
54500 195832
55000 198320
55500 204755
56000 216078
56500 202193
57000 200044
57500 201202
58000 217185
58500 205622
59000 198358
59500 194953
60000 194467
60500 196150
61000 314655
61500 195160
62000 197737
62500 196570
63000 202676
63500 197938
64000 197857
64500 199756
65000 198229
65500 201796
66000 215088
66500 217374
67000 219426
67500 215022
68000 222460
68500 215898
69000 219816
69500 215835
70000 221586
70500 216132
71000 220434
71500 217914
72000 217434
72500 222927
73000 219927
73500 227608
74000 216837
74500 218913
75000 217470
75500 215073
76000 213534
76500 215130
77000 220618
77500 241217
78000 217314
78500 216768
79000 223684
79500 219075
80000 217047
80500 219651
81000 218475
81500 223417
82000 218395
82500 216087
83000 217323
83500 240005
84000 216810
84500 215418
85000 218034
85500 215946
86000 220269
86500 215553
87000 220990
87500 217998
88000 227458
88500 219409
89000 218643
89500 220255
90000 220092
90500 224347
91000 217836
91500 215892
92000 213761
92500 218802
93000 217953
93500 215526
94000 215580
94500 215859
95000 223071
95500 217278
96000 217962
96500 220258
97000 273461
97500 220272
98000 218760
98500 220426
99000 218610
99500 219256
99999 213674
