0 0
500 42952
1000 46031
1500 33324
2000 30816
2500 30192
3000 30270
3500 30119
4000 31764
4500 31560
5000 31362
5500 33259
6000 30366
6500 30630
7000 30378
7500 32442
8000 72217
8500 42268
9000 37621
9500 29376
10000 33228
10500 31353
11000 40033
11500 32589
12000 32760
12500 31293
13000 30750
13500 34638
14000 30789
14500 32394
15000 31269
15500 31794
16000 32100
16500 32143
17000 32463
17500 31047
18000 31881
18500 31773
19000 33999
19500 31881
20000 29093
20500 31476
21000 30819
21500 35274
22000 31185
22500 30657
23000 31689
23500 29301
24000 31809
24500 34693
25000 30750
25500 36364
26000 30663
26500 31827
27000 33919
27500 31830
28000 30819
28500 30537
29000 31947
29500 33954
30000 32445
30500 29289
31000 30669
31500 32241
32000 33924
32500 32764
33000 30828
33500 31965
34000 30909
34500 29208
35000 34711
35500 31434
36000 31485
36500 30900
37000 31545
37500 33582
38000 28845
38500 32736
39000 30819
39500 31887
40000 33561
40500 34567
41000 32871
41500 53012
42000 36039
42500 40069
43000 45533
43500 38341
44000 35865
44500 34977
45000 32652
45500 35347
46000 31488
46500 37315
47000 39820
47500 36703
48000 40663
48500 32586
49000 36970
49500 33606
50000 31341
50500 34518
51000 30843
51500 31849
52000 29409
52500 31605
53000 31893
53500 38698
54000 31995
54500 30789
55000 33138
55500 29004
56000 33948
56500 31653
57000 30957
57500 32253
58000 31815
58500 34287
59000 29526
59500 31251
60000 32451
60500 30615
61000 32520
61500 34086
62000 30966
62500 29871
63000 31227
63500 32688
64000 33436
64500 31290
65000 30894
65500 30783
66000 31740
66500 32784
67000 31443
67500 30744
68000 30483
68500 36661
69000 33579
69500 33171
70000 29307
70500 31608
71000 30594
71500 30936
72000 35367
72500 30807
73000 31831
73500 29385
74000 30642
74500 35541
75000 31636
75500 32052
76000 30492
76500 31977
77000 31774
77500 30831
78000 32655
78500 30750
79000 31845
79500 30687
80000 34593
80500 29838
81000 30765
81500 31566
82000 31101
82500 34668
83000 31140
83500 35688
84000 30333
84500 30561
85000 35184
85500 30630
86000 32830
86500 32619
87000 31161
87500 29889
88000 34336
88500 31743
89000 31971
89500 30873
90000 31599
90500 34149
91000 30579
91500 30972
92000 32751
92500 30384
93000 34167
93500 32001
94000 30783
94500 30843
95000 31026
95500 34054
96000 32025
96500 31179
97000 31581
97500 31479
98000 47488
98500 32520
99000 31008
99500 31752
99999 30723
