0 0
500 47344
1000 44263
1500 33979
2000 31632
2500 33834
3000 34660
3500 32802
4000 34441
4500 33318
5000 34225
5500 39631
6000 42667
6500 40534
7000 44834
7500 40108
8000 39970
8500 42163
9000 38878
9500 44885
10000 34299
10500 33195
11000 35064
11500 34209
12000 37299
12500 31675
13000 33480
13500 34200
14000 33525
14500 34998
15000 36612
15500 34078
16000 31677
16500 33291
17000 34216
17500 37351
18000 34266
18500 36715
19000 33168
19500 32755
20000 37365
20500 34212
21000 33183
21500 34045
22000 33069
22500 36649
23000 33342
23500 33457
24000 33993
24500 33604
25000 32664
25500 38128
26000 33312
26500 32719
27000 32898
27500 33987
28000 36076
28500 33447
29000 33837
29500 32997
30000 34144
30500 36366
31000 33051
31500 34722
32000 32821
32500 37332
33000 32982
33500 36904
34000 32361
34500 32697
35000 33391
35500 32709
36000 36325
36500 32985
37000 34360
37500 31464
38000 33483
38500 36628
39000 32409
39500 34000
40000 33867
40500 32791
41000 32148
41500 36250
42000 33576
42500 40723
43000 33937
43500 32895
44000 35905
44500 32046
45000 32817
45500 34420
46000 32418
46500 39778
47000 33895
47500 32817
48000 32151
48500 34086
49000 37246
49500 32826
50000 32811
50500 33816
51000 34101
51500 32101
52000 36579
52500 32974
53000 33885
53500 33204
54000 34356
54500 35209
55000 32214
55500 32667
56000 32983
56500 34284
57000 35668
57500 33828
58000 32707
58500 31089
59000 33300
59500 33199
60000 35622
60500 35824
61000 33630
61500 32617
62000 31188
62500 36958
63000 32745
63500 33930
64000 32784
64500 33354
65000 36061
65500 32832
66000 32374
66500 32343
67000 33738
67500 34972
68000 33384
68500 33394
69000 32565
69500 32055
70000 32683
70500 36231
71000 33879
71500 33075
72000 33676
72500 32898
73000 34768
73500 35310
74000 32646
74500 46945
75000 32541
75500 36597
76000 32907
76500 33072
77000 32413
77500 32592
78000 33168
78500 34933
79000 35025
79500 32868
80000 31395
80500 33825
81000 35052
81500 34296
82000 33930
82500 39613
83000 279099
83500 37620
84000 34447
84500 36411
85000 35664
85500 33904
86000 36574
86500 34029
87000 31095
87500 34848
88000 33271
88500 32874
89000 36226
89500 33459
90000 34047
90500 32112
91000 33252
91500 36229
92000 33192
92500 34543
93000 33273
93500 35059
94000 33381
94500 33633
95000 34197
95500 33327
96000 34650
96500 33486
97000 35871
97500 33129
98000 31482
98500 34203
99000 33792
99500 36358
99999 32883
