0 0
500 68155
1000 55820
1500 111250
2000 12262
2500 12073
3000 204728
3500 11975
4000 12109
4500 12076
5000 12040
5500 368882
6000 12040
6500 12109
7000 12076
7500 12004
8000 11878
8500 12004
9000 11927
9500 12154
10000 11857
10500 12031
11000 801521
11500 12130
12000 12133
12500 12133
13000 12095
13500 12115
14000 12094
14500 11948
15000 12016
15500 12124
16000 12007
16500 11995
17000 12019
17500 11887
18000 12074
18500 11995
19000 12082
19500 11972
20000 12067
20500 12007
21000 12097
21500 11968
22000 1713643
22500 12250
23000 12229
23500 12226
24000 12238
24500 12214
25000 12085
25500 12010
26000 12058
26500 12241
27000 12184
27500 12226
28000 12163
28500 12082
29000 12133
29500 12293
30000 12283
30500 12166
31000 12173
31500 12271
32000 12121
32500 11951
33000 12088
33500 12097
34000 12181
34500 12142
35000 12325
35500 12166
36000 12118
36500 12205
37000 12136
37500 12379
38000 12169
38500 12385
39000 12148
39500 12082
40000 12196
40500 12128
41000 12232
41500 12229
42000 12215
42500 12166
43000 12133
43500 12137
44000 4304751
44500 12320
45000 16150
45500 12161
46000 12178
46500 12112
47000 12353
47500 12310
48000 12409
48500 12317
49000 12340
49500 12469
50000 12098
50500 12367
51000 12274
51500 12299
52000 12199
52500 12367
53000 12320
53500 12166
54000 12145
54500 12169
55000 12439
55500 12292
56000 12310
56500 12367
57000 12139
57500 12283
58000 12286
58500 12427
59000 12253
59500 12388
60000 12247
60500 12409
61000 12238
61500 12412
62000 12238
62500 12289
63000 12376
63500 12241
64000 12184
64500 12370
65000 12268
65500 12271
66000 12193
66500 12358
67000 12310
67500 12160
68000 12196
68500 12314
69000 12385
69500 12295
70000 12293
70500 12409
71000 12247
71500 12344
72000 12208
72500 12334
73000 12284
73500 12196
74000 12226
74500 12239
75000 12214
75500 12298
76000 12254
76500 12328
77000 12319
77500 12362
78000 12295
78500 12124
79000 12224
79500 12307
80000 12331
80500 12302
81000 12247
81500 33975
82000 12160
82500 12373
83000 12871
83500 12349
84000 12376
84500 12310
85000 12277
85500 12346
86000 12280
86500 12214
87000 12199
87500 12268
88000 12015910
88500 12367
89000 12268
89500 12199
90000 12232
90500 60345
91000 13217
91500 13438
92000 12661
92500 13057
93000 13186
93500 13445
94000 13768
94500 12431
95000 12295
95500 12514
96000 12851
96500 12400
97000 12217
97500 12305
98000 12403
98500 12259
99000 12311
99500 12223
99999 12241
