0 0
500 471487
1000 3011575
1500 4537565
2000 6213741
2500 7985704
3000 9692077
3500 11487326
4000 13237938
4500 15001257
5000 16740472
5500 18520491
6000 20354581
6500 22015511
7000 23757354
7500 25519831
8000 27278307
8500 28971308
9000 30769964
9500 32521649
10000 34259354
10500 36007402
11000 37848887
11500 39499605
12000 41262721
12500 43058010
13000 44864371
13500 46526937
14000 48281208
14500 50047119
15000 51833138
15500 53538504
16000 55614519
16500 58087317
17000 58868497
17500 60612941
18000 62557598
18500 64147932
19000 65947357
19500 67655290
20000 69448283
20500 71321195
21000 73015826
21500 74877141
22000 76595930
22500 78476446
23000 80492314
23500 82135718
24000 83974368
24500 85912193
25000 87827891
25500 89516932
26000 91388111
26500 93184034
27000 95112756
27500 96910720
28000 98685322
28500 100551999
29000 102238192
29500 104502597
30000 105755724
30500 107631477
31000 109357909
31500 111077248
32000 112898599
32500 114612467
33000 116437405
33500 119260287
34000 119920351
34500 121843624
35000 123515887
35500 125268642
36000 127047140
36500 128894029
37000 130819658
37500 132350112
38000 134200985
38500 136016135
39000 137752306
39500 139475215
40000 141332788
40500 143097179
41000 145413593
41500 147272995
42000 151138469
42500 150225735
43000 151898463
43500 153822106
44000 155441702
44500 158755967
45000 159129630
45500 160880851
46000 165103068
46500 165750491
47000 166406521
47500 167883416
48000 169810524
48500 172136169
49000 173428140
49500 175333216
50000 176808394
50500 178643780
51000 181215291
51500 182159995
52000 184090404
52500 186563573
53000 187574891
53500 190876189
54000 191167700
54500 193659403
55000 195042369
55500 196681515
56000 199185704
56500 200275978
57000 201650654
57500 203698593
58000 206420300
58500 207244091
59000 208981268
59500 211661671
60000 212638937
60500 214318038
61000 218408206
61500 217623381
62000 219595707
62500 221587288
63000 223125965
63500 224812679
64000 226687341
64500 228612990
65000 230186887
65500 232218978
66000 233564747
66500 235907151
67000 237254366
67500 242031075
68000 240918381
68500 243149563
69000 247794295
69500 267259259
70000 248889569
70500 250571214
71000 251487446
71500 254789846
72000 256497164
72500 257998170
73000 260048454
73500 266366922
74000 262205134
74500 265396622
75000 267215353
75500 268446889
76000 270134897
76500 273508067
77000 274225569
77500 275697125
78000 277824667
78500 279375635
79000 287131423
79500 283505688
80000 286776125
80500 286685288
81000 289067978
81500 290852000
82000 292528977
82500 295324374
83000 295600482
83500 298242638
84000 299284551
84500 308575738
85000 304947649
85500 309686780
86000 313128317
86500 320397167
87000 314221308
87500 316727118
88000 317556381
88500 317766210
89000 332975143
89500 322962785
90000 326179148
90500 325758858
91000 327304032
91500 335312262
92000 342538469
92500 343519333
93000 345420272
93500 357817687
94000 349812512
94500 371350614
95000 357412954
95500 354235829
96000 365090484
96500 362219295
97000 362314191
97500 399827522
98000 384680835
98500 378788981
99000 382981441
99500 406353873
99999 391048179
