0 0
500 42047
1000 40087
1500 27849
2000 27069
2500 43387
3000 26970
3500 26799
4000 27746
4500 27092
5000 28005
5500 26889
6000 29619
6500 26349
7000 27612
7500 28866
8000 30588
8500 28698
9000 28305
9500 97575
10000 27410
10500 30861
11000 28604
11500 29817
12000 28667
12500 27527
13000 30210
13500 26982
14000 27225
14500 29181
15000 27507
15500 27381
16000 31212
16500 27453
17000 41659
17500 41071
18000 29715
18500 31852
19000 29067
19500 29604
20000 28746
20500 28073
21000 32421
21500 28509
22000 30084
22500 29157
23000 31497
23500 32550
24000 28130
24500 28698
25000 28536
25500 29745
26000 28269
26500 31731
27000 28484
27500 27785
28000 29244
28500 28674
29000 33052
29500 28914
30000 29811
30500 29298
31000 27551
31500 33726
32000 28683
32500 30144
33000 32784
33500 30344
34000 31266
34500 32316
35000 27561
35500 27513
36000 28218
36500 27275
37000 31311
37500 48692
38000 29985
38500 28488
39000 28041
39500 32220
40000 29889
40500 27834
41000 29973
41500 27642
42000 28020
42500 31035
43000 27489
43500 28635
44000 27936
44500 29190
45000 30495
45500 28563
46000 28200
46500 27906
47000 28950
47500 30654
48000 29943
48500 27894
49000 29949
49500 28803
50000 30873
50500 29076
51000 29049
51500 28779
52000 27990
52500 26646
53000 31938
53500 28236
54000 29598
54500 28599
55000 30477
55500 31182
56000 26892
56500 30300
57000 28314
57500 29589
58000 31833
58500 29853
59000 30426
59500 28121
60000 30270
60500 29045
61000 34113
61500 30426
62000 28299
62500 33771
63000 26756
63500 32878
64000 28187
64500 28133
65000 36474
65500 28773
66000 31767
66500 28334
67000 28125
67500 28197
68000 28959
68500 31719
69000 28049
69500 29610
70000 28605
70500 27399
71000 30834
71500 30927
72000 29681
72500 28763
73000 29558
73500 28910
74000 29799
74500 29202
75000 28298
75500 29009
76000 28367
76500 32850
77000 28524
77500 26876
78000 29673
78500 28505
79000 30129
79500 31389
80000 28677
80500 29721
81000 27639
81500 29979
82000 32467
82500 29955
83000 28362
83500 28680
84000 29604
84500 30306
85000 30477
85500 28500
86000 28329
86500 29556
87000 31191
87500 30300
88000 26829
88500 29772
89000 28632
89500 28839
90000 32547
90500 29928
91000 29724
91500 26925
92000 28311
92500 32871
93000 29019
93500 30756
94000 28709
94500 29480
95000 29898
95500 28823
96000 30957
96500 31542
97000 29607
97500 28524
98000 32487
98500 28935
99000 29592
99500 29589
99999 28799
