0 0
500 73483
1000 41039
1500 33068
2000 45300
2500 35327
3000 39036
3500 73290
4000 34467
4500 35331
5000 40849
5500 35133
6000 33842
6500 40297
7000 38570
7500 34100
8000 43879
8500 59455
9000 50245
9500 44366
10000 65725
10500 45875
11000 44436
11500 33747
12000 52268
12500 53965
13000 36322
13500 58305
14000 44480
14500 34440
15000 40008
15500 42494
16000 36580
16500 33845
17000 39137
17500 33721
18000 70937
18500 51167
19000 34737
19500 35654
20000 66833
20500 34569
21000 34758
21500 90805
22000 34094
22500 35771
23000 37879
23500 49398
24000 40560
24500 43587
25000 34446
25500 35661
26000 46935
26500 34248
27000 101680
27500 64591
28000 34637
28500 38930
29000 44256
29500 39885
30000 32900
30500 39257
31000 125930
31500 66982
32000 57515
32500 37292
33000 40048
33500 72612
34000 36279
34500 34446
35000 60318
35500 34692
36000 37621
36500 93463
37000 43364
37500 34632
38000 44234
38500 35887
39000 35454
39500 42027
40000 49288
40500 38467
41000 44086
41500 37914
42000 34452
42500 40667
43000 37089
43500 34397
44000 46180
44500 35680
45000 35666
45500 36983
46000 38894
46500 38144
47000 41500
47500 34309
48000 48516
48500 62237
49000 45536
49500 35846
50000 44254
50500 34208
51000 33911
51500 42244
52000 37665
52500 33888
53000 34578
53500 36317
54000 43507
54500 42370
55000 34369
55500 36384
56000 42640
56500 34286
57000 33699
57500 43854
58000 33968
58500 31977
59000 61219
59500 34592
60000 34251
60500 44618
61000 71211
61500 34587
62000 41846
62500 46502
63000 38890
63500 42647
64000 49226
64500 35286
65000 44974
65500 35159
66000 33668
66500 38180
67000 33518
67500 33589
68000 70052
68500 64582
69000 37711
69500 40652
70000 35700
70500 33968
71000 43203
71500 33687
72000 35176
72500 41012
73000 34379
73500 33871
74000 41404
74500 41127
75000 33410
75500 42848
76000 33739
76500 37978
77000 50251
77500 37514
78000 33905
78500 39917
79000 34071
79500 33927
80000 44639
80500 33783
81000 35394
81500 33074
82000 33833
82500 37728
83000 39472
83500 34550
84000 34481
84500 40953
85000 35371
85500 37373
86000 43974
86500 35563
87000 31963
87500 41943
88000 33894
88500 34342
89000 38681
89500 37562
90000 33437
90500 42854
91000 33855
91500 36628
92000 36624
92500 36574
93000 34434
93500 46978
94000 31730
94500 34492
95000 43157
95500 34163
96000 33788
96500 39151
97000 36494
97500 34942
98000 42886
98500 33830
99000 33937
99500 39759
100000 34335
100500 33925
101000 38051
101500 34455
102000 39251
102500 46950
103000 34105
103500 86083
104000 44862
104500 37851
105000 51146
105500 47178
106000 35134
106500 34031
107000 42887
107500 34372
108000 32550
108500 43034
109000 39566
109500 33493
110000 38392
110500 35971
111000 37090
111500 34709
112000 34701
112500 34586
113000 41585
113500 59247
114000 38725
114500 45131
115000 34460
115500 31576
116000 37975
116500 37287
117000 34384
117500 42158
118000 33822
118500 35451
119000 103160
119500 39235
120000 33578
120500 46325
121000 64557
121500 67431
122000 66610
122500 32482
123000 35735
123500 42640
124000 33897
124500 34813
125000 45411
125500 33853
126000 35245
126500 70333
127000 34745
127500 37099
128000 43232
128500 38060
129000 33615
129500 41087
130000 34140
130500 36072
131000 46532
131500 37092
132000 40520
132500 44114
133000 34337
133500 35113
134000 44667
134500 34583
135000 34045
135500 41640
136000 35013
136500 36176
137000 59350
137500 34824
138000 63505
138500 68453
139000 40962
139500 38126
140000 48347
140500 37725
141000 50810
141500 51953
142000 37024
142500 33767
143000 44745
143500 32257
144000 33704
144500 40038
145000 35798
145500 33934
146000 59343
146500 34286
147000 33919
147500 44154
148000 34738
148500 33851
149000 42819
149500 37776
150000 35294
150500 53903
151000 66194
151500 35955
152000 43664
152500 33839
153000 33799
153500 42176
154000 34253
154500 35926
155000 45139
155500 35202
156000 45598
156500 45566
157000 33675
157500 33699
158000 31122
158500 35995
159000 40986
159500 46454
160000 49121
160500 35291
161000 40437
161500 40982
162000 35396
162500 39928
163000 34246
163500 33828
164000 44381
164500 36726
165000 31917
165500 40944
166000 35523
166500 37971
167000 36182
167500 34116
168000 40529
168500 37230
169000 33999
169500 42229
170000 37281
170500 34623
171000 45042
171500 33934
172000 32052
172500 43295
173000 37255
173500 33796
174000 40724
174500 33897
175000 35847
175500 41804
176000 37430
176500 35651
177000 39933
177500 34196
178000 37221
178500 43301
179000 64765
179500 33157
180000 41428
180500 35686
181000 34148
181500 42381
182000 50518
182500 36648
183000 41838
183500 33725
184000 33851
184500 42453
185000 58347
185500 70166
186000 63325
186500 48610
187000 37416
187500 42049
188000 34755
188500 33555
189000 41764
189500 35268
190000 58553
190500 62625
191000 61240
191500 34251
192000 39764
192500 62314
193000 36794
193500 39033
194000 60174
194500 34862
195000 42255
195500 34743
196000 34102
196500 45071
197000 33607
197500 33885
198000 41757
198500 38590
199000 53324
199500 46537
199998 34203
