0 0
500 40604
1000 57900
1500 45724
2000 30652
2500 34300
3000 31020
3500 41642
4000 40259
4500 35247
5000 30817
5500 50899
6000 32322
6500 30043
7000 35831
7500 31328
8000 29744
8500 51279
9000 34245
9500 28449
10000 97686
10500 30157
11000 31080
11500 36144
12000 37415
12500 31165
13000 35162
13500 54416
14000 33333
14500 38968
15000 35928
15500 46907
16000 37793
16500 28263
17000 35044
17500 40261
18000 32157
18500 33172
19000 42419
19500 31974
20000 29809
20500 29454
21000 32024
21500 28020
22000 34302
22500 48946
23000 49671
23500 28562
24000 27444
24500 33067
25000 44892
25500 29503
26000 27476
26500 52054
27000 27950
27500 33007
28000 92343
28500 56451
29000 28261
29500 28234
30000 27155
30500 28528
31000 36029
31500 28118
32000 27336
32500 36708
33000 28183
33500 36424
34000 37770
34500 29441
35000 39331
35500 37453
36000 27251
36500 32185
37000 55477
37500 31491
38000 33174
38500 43407
39000 32844
39500 49338
40000 40185
40500 31293
41000 32788
41500 36688
42000 30634
42500 44241
43000 41436
43500 39801
44000 30975
44500 39194
45000 28616
45500 30883
46000 103241
46500 41760
47000 29984
47500 43725
48000 33378
48500 30345
49000 41959
49500 31631
50000 62151
50500 41652
51000 30093
51500 38360
52000 39557
52500 29858
53000 35299
53500 49585
54000 32123
54500 29910
55000 33976
55500 30634
56000 29228
56500 47461
57000 29758
57500 30128
58000 38088
58500 30665
59000 32808
59500 38148
60000 30709
60500 34779
61000 38008
61500 40796
62000 52371
62500 48831
63000 45558
63500 40520
64000 41995
64500 29629
65000 30304
65500 74218
66000 36302
66500 28128
67000 33633
67500 46792
68000 33163
68500 39541
69000 31037
69500 29875
70000 34898
70500 57082
71000 32464
71500 43756
72000 30631
72500 30130
73000 39722
73500 28549
74000 29340
74500 37696
75000 33134
75500 56483
76000 30224
76500 35232
77000 37279
77500 44123
78000 57157
78500 30483
79000 41053
79500 41860
80000 30262
80500 36840
81000 33827
81500 31138
82000 37768
82500 34398
83000 35720
83500 41115
84000 28940
84500 30536
85000 40308
85500 30709
86000 29769
86500 37123
87000 28899
87500 41482
88000 37293
88500 33009
89000 52875
89500 41810
90000 29981
90500 32745
91000 45099
91500 31427
92000 29950
92500 38083
93000 30519
93500 31510
94000 41814
94500 30070
95000 27596
95500 36880
96000 34987
96500 30035
97000 29998
97500 31324
98000 34637
98500 44865
99000 29446
99500 30033
100000 40570
100500 29890
101000 32092
101500 35096
102000 43576
102500 34635
103000 37742
103500 29906
104000 31364
104500 38261
105000 29876
105500 33080
106000 41496
106500 31488
107000 29732
107500 59198
108000 30826
108500 29795
109000 36147
109500 29672
110000 29459
110500 34899
111000 85404
111500 56555
112000 37551
112500 33441
113000 29403
113500 30274
114000 32130
114500 29595
115000 42553
115500 30042
116000 27579
116500 36493
117000 60667
117500 55008
118000 29241
118500 51577
119000 40140
119500 43765
120000 29369
120500 57646
121000 39432
121500 29535
122000 29234
122500 38742
123000 30076
123500 29437
124000 39171
124500 29850
125000 29555
125500 34372
126000 42534
126500 29525
127000 36119
127500 29509
128000 36994
128500 38023
129000 30735
129500 28721
130000 60200
130500 52491
131000 36147
131500 38199
132000 44481
132500 30674
133000 38080
133500 34870
134000 29783
134500 35025
135000 29779
135500 77953
136000 38055
136500 31083
137000 44367
137500 36508
138000 29292
138500 29428
139000 51563
139500 33163
140000 29505
140500 41505
141000 29681
141500 29606
142000 39064
142500 29947
143000 33537
143500 37086
144000 30256
144500 29736
145000 39977
145500 31196
146000 30322
146500 36551
147000 29483
147500 30019
148000 38742
148500 29340
149000 29373
149500 36378
150000 35262
150500 32209
151000 44211
151500 43293
152000 27292
152500 36513
153000 29209
153500 31760
154000 37545
154500 29821
155000 32126
155500 49464
156000 33344
156500 29521
157000 37583
157500 29222
158000 29540
158500 35926
159000 29810
159500 33533
160000 42128
160500 35202
161000 29543
161500 36920
162000 33524
162500 29887
163000 36606
163500 29955
164000 31765
164500 37061
165000 29641
165500 29216
166000 36179
166500 29082
167000 37665
167500 32118
168000 32015
168500 32742
169000 30851
169500 33415
170000 47612
170500 31276
171000 30082
171500 43252
172000 30282
172500 30408
173000 56715
173500 47204
174000 31221
174500 33309
175000 33681
175500 29254
176000 40755
176500 29463
177000 29816
177500 35185
178000 31995
178500 33028
179000 37679
179500 31420
180000 27988
180500 45783
181000 29944
181500 31241
182000 44656
182500 30129
183000 29787
183500 35844
184000 30574
184500 32192
185000 38893
185500 29257
186000 32516
186500 30285
187000 29352
187500 29987
188000 39051
188500 31439
189000 29927
189500 37236
190000 33460
190500 30465
191000 37069
191500 54316
192000 31361
192500 49247
193000 35898
193500 29081
194000 142612
194500 51400
195000 37402
195500 56841
196000 30577
196500 31892
197000 30190
197500 29311
198000 30674
198500 35483
199000 30803
199500 36845
199998 38182
