0 0
500 20495
1000 16023
1500 16759
2000 14628
2500 19456
3000 14706
3500 15382
4000 16038
4500 24395
5000 15639
5500 15642
6000 15788
6500 16697
7000 16888
7500 16246
8000 16375
8500 31158
9000 16544
9500 16593
10000 16790
10500 16512
11000 16324
11500 16384
12000 16487
12500 16879
13000 17083
13500 17140
14000 16959
14500 16971
15000 16960
15500 17392
16000 17263
16500 55507
17000 17426
17500 17404
18000 17714
18500 17079
19000 17759
19500 17183
20000 17283
20500 17264
21000 17152
21500 17157
22000 17235
22500 17567
23000 17130
23500 17157
24000 22054
24500 17469
25000 18119
25500 18094
26000 18438
26500 18354
27000 18397
27500 18154
28000 18377
28500 18057
29000 18532
29500 18460
30000 18128
30500 18276
31000 18251
31500 18082
32000 18339
32500 18185
33000 75035
33500 18102
34000 18182
34500 18127
35000 18466
35500 18432
36000 18102
36500 18237
37000 18371
37500 18411
38000 18134
38500 18945
39000 18981
39500 19823
40000 19101
40500 19253
41000 18852
41500 18978
42000 19766
42500 19042
43000 19156
43500 19277
44000 19119
44500 18962
45000 19050
45500 18944
46000 19265
46500 18838
47000 19439
47500 18892
48000 18712
48500 18936
49000 18951
49500 19929
50000 23489
50500 23933
51000 20013
51500 20029
52000 20573
52500 20127
53000 19763
53500 19964
54000 19912
54500 20087
55000 20161
55500 19930
56000 20433
56500 20782
57000 20164
57500 19895
58000 19838
58500 20213
59000 20044
59500 20276
60000 20053
60500 19955
61000 20333
61500 20213
62000 20625
62500 20184
63000 20677
63500 19984
64000 20164
64500 19886
65000 20083
65500 20044
66000 144454
66500 20932
67000 20327
67500 20624
68000 36088
68500 20442
69000 20287
69500 21243
70000 21504
70500 20158
71000 20057
71500 20207
72000 21198
72500 20316
73000 20178
73500 20834
74000 20620
74500 20502
75000 20880
75500 20325
76000 20568
76500 20614
77000 19871
77500 20237
78000 20021
78500 20677
79000 19898
79500 20808
80000 19878
80500 20568
81000 20081
81500 20797
82000 19926
82500 20342
83000 19950
83500 20447
84000 19866
84500 20493
85000 20133
85500 20021
86000 20256
86500 21579
87000 30087
87500 20471
88000 19697
88500 20374
89000 20201
89500 20026
90000 20014
90500 20282
91000 20427
91500 20396
92000 20648
92500 19967
93000 20164
93500 19915
94000 19686
94500 20059
95000 20264
95500 20262
96000 20439
96500 20288
97000 20482
97500 20548
98000 20579
98500 20290
99000 21138
99500 21218
100000 21072
100500 20797
101000 21431
101500 20725
102000 20889
102500 20846
103000 21143
103500 20685
104000 32209
104500 22544
105000 20614
105500 20540
106000 20906
106500 20742
107000 21009
107500 20948
108000 20929
108500 20533
109000 20599
109500 20506
110000 20637
110500 20978
111000 20719
111500 20848
112000 21040
112500 20637
113000 20700
113500 20463
114000 20548
114500 20657
115000 20648
115500 20851
116000 24377
116500 20788
117000 28784
117500 26024
118000 51603
118500 49418
119000 20353
119500 21831
120000 21727
120500 22613
121000 21347
121500 22445
122000 28236
122500 24728
123000 21724
123500 22910
124000 21601
124500 22710
125000 21961
125500 33614
126000 20272
126500 21061
127000 20038
127500 21077
128000 21512
128500 20994
129000 20118
129500 21120
130000 19776
130500 20971
131000 20772
131500 280367
132000 20106
132500 19686
133000 20567
133500 20011
134000 20336
134500 19715
135000 20396
135500 19883
136000 19855
136500 31084
137000 20173
137500 19790
138000 19973
138500 21700
139000 27060
139500 21817
140000 21343
140500 21346
141000 21313
141500 21399
142000 22065
142500 21493
143000 21617
143500 21734
144000 21417
144500 21343
145000 22162
145500 19859
146000 19872
146500 23907
147000 20390
147500 19976
148000 19669
148500 22301
149000 20571
149500 20007
150000 19950
150500 20098
151000 20487
151500 19880
152000 19952
152500 19907
153000 19666
153500 20081
154000 19806
154500 19892
155000 19846
155500 19729
156000 19840
156500 19797
157000 21696
157500 20186
158000 20164
158500 19930
159000 19967
159500 19849
160000 19926
160500 20148
161000 19751
161500 20015
162000 19924
162500 20242
163000 21518
163500 19957
164000 19738
164500 20129
165000 20468
165500 20044
166000 19846
166500 20348
167000 20084
167500 20375
168000 19837
168500 20436
169000 19775
169500 20147
170000 19880
170500 20262
171000 19960
171500 19900
172000 19955
172500 20385
173000 35125
173500 20412
174000 20067
174500 19803
175000 23775
175500 20287
176000 19834
176500 19961
177000 19809
177500 20451
178000 20164
178500 20345
179000 20537
179500 20411
180000 20285
180500 20222
181000 20382
181500 19704
182000 20118
182500 19737
183000 20398
183500 19786
184000 20510
184500 19864
185000 19911
185500 20524
186000 21295
186500 20000
187000 20709
187500 20049
188000 21587
188500 21336
189000 22398
189500 21440
190000 21994
190500 21530
191000 22706
191500 21844
192000 24060
192500 23211
193000 23021
193500 23304
194000 23047
194500 23087
195000 23288
195500 22893
196000 21438
196500 22002
197000 21931
197500 21539
198000 21699
198500 22229
199000 22100
199500 21891
199998 21860
