0 0
500 105992
1000 108490
1500 93599
2000 63511
2500 48247
3000 64464
3500 59586
4000 46830
4500 56850
5000 62730
5500 47264
6000 54576
6500 47938
7000 53942
7500 53350
8000 47119
8500 45939
9000 53559
9500 47138
10000 46097
10500 51345
11000 47118
11500 47244
12000 54389
12500 54063
13000 47261
13500 52253
14000 48392
14500 47917
15000 52717
15500 46420
16000 59496
16500 63169
17000 46817
17500 44357
18000 54552
18500 51014
19000 45809
19500 51084
20000 48728
20500 47000
21000 54324
21500 47871
22000 63691
22500 57523
23000 46280
23500 46141
24000 62901
24500 46838
25000 44122
25500 51937
26000 46130
26500 46002
27000 65294
27500 46895
28000 46036
28500 51497
29000 48691
29500 90926
30000 44597
30500 47502
31000 46528
31500 60410
32000 59149
32500 46259
33000 45753
33500 45595
34000 48740
34500 52614
35000 65149
35500 46135
36000 53510
36500 64356
37000 81080
37500 80291
38000 82873
38500 88515
39000 44624
39500 45796
40000 46777
40500 67354
41000 51457
41500 48327
42000 53798
42500 49212
43000 46190
43500 54662
44000 46211
44500 45921
45000 54548
45500 50724
46000 43989
46500 56308
47000 47502
47500 64409
48000 55223
48500 46130
49000 47763
49500 55801
50000 46494
50500 46188
51000 52528
51500 46150
52000 50420
52500 71160
53000 46462
53500 46256
54000 47780
54500 46706
55000 46486
55500 48058
56000 48590
56500 82283
57000 58356
57500 59040
58000 71825
58500 59779
59000 46388
59500 74835
60000 58096
60500 44985
61000 47786
61500 71071
62000 69593
62500 46766
63000 55830
63500 66890
64000 86937
64500 51859
65000 69384
65500 55896
66000 58398
66500 48216
67000 45969
67500 50624
68000 47159
68500 45999
69000 81284
69500 46375
70000 46024
70500 88255
71000 91175
71500 60401
72000 57448
72500 46184
73000 59911
73500 54374
74000 46892
74500 47900
75000 56254
75500 48273
76000 45945
76500 53415
77000 46784
77500 83732
78000 88879
78500 48619
79000 46036
79500 85172
80000 50013
80500 46317
81000 52674
81500 48819
82000 47769
82500 53267
83000 46800
83500 46697
84000 65929
84500 47657
85000 46082
85500 52339
86000 50294
86500 47989
87000 54335
87500 46294
88000 48673
88500 95995
89000 44777
89500 49693
90000 51210
90500 46969
91000 47625
91500 58251
92000 55209
92500 46262
93000 52843
93500 49232
94000 46634
94500 51552
95000 77913
95500 47803
96000 52895
96500 46422
97000 66612
97500 56967
98000 75891
98500 46286
99000 55200
99500 62832
100000 45727
100500 58345
101000 136324
101500 60352
102000 56735
102500 52443
103000 44775
103500 50435
104000 46239
104500 72756
105000 66134
105500 46658
106000 49599
106500 56515
107000 58419
107500 46299
108000 57658
108500 65372
109000 46680
109500 52228
110000 132222
110500 84700
111000 54639
111500 80704
112000 46345
112500 52287
113000 50005
113500 50907
114000 62589
114500 45953
115000 72320
115500 57852
116000 46386
116500 87306
117000 55813
117500 44232
118000 57723
118500 59776
119000 46797
119500 109309
120000 56902
120500 74907
121000 63600
121500 53444
122000 69528
122500 47686
123000 52921
123500 49015
124000 46184
124500 73140
125000 46007
125500 50168
126000 69027
126500 47840
127000 46508
127500 57454
128000 48547
128500 46818
129000 56935
129500 52981
130000 46047
130500 110108
131000 71384
131500 44632
132000 72152
132500 49856
133000 46554
133500 48859
134000 50280
134500 46308
135000 53047
135500 49931
136000 45907
136500 55973
137000 46419
137500 48066
138000 57609
138500 44218
139000 45566
139500 49982
140000 46803
140500 45882
141000 59344
141500 46800
142000 52304
142500 55355
143000 48169
143500 49218
144000 52480
144500 46752
145000 45916
145500 51764
146000 45921
146500 45841
147000 54730
147500 48590
148000 49329
148500 54690
149000 46482
149500 45600
150000 58417
150500 46437
151000 60864
151500 54962
152000 47846
152500 45838
153000 52955
153500 49909
154000 46073
154500 51082
155000 49771
155500 46396
156000 55671
156500 50827
157000 45746
157500 53945
158000 46832
158500 46425
159000 62731
159500 46431
160000 43986
160500 51319
161000 46125
161500 48307
162000 55372
162500 46374
163000 46383
163500 51692
164000 50295
164500 49249
165000 58502
165500 46296
166000 47656
166500 59313
167000 45360
167500 64029
168000 47012
168500 45712
169000 65306
169500 46431
170000 46202
170500 57749
171000 49095
171500 46237
172000 52780
172500 46204
173000 46503
173500 52064
174000 44473
174500 49467
175000 50673
175500 50005
176000 51731
176500 54876
177000 46695
177500 45692
178000 51628
178500 46443
179000 45849
179500 54141
180000 49364
180500 46394
181000 58072
181500 51634
182000 50053
182500 55346
183000 50321
183500 59665
184000 57762
184500 50164
185000 55389
185500 62790
186000 46783
186500 46672
187000 55440
187500 46291
188000 45720
188500 52787
189000 46324
189500 47347
190000 53069
190500 60995
191000 50191
191500 56890
192000 50067
192500 49943
193000 59137
193500 50163
194000 49750
194500 59228
195000 63474
195500 47846
196000 53502
196500 49511
197000 45744
197500 51654
198000 46609
198500 49504
199000 53530
199500 48084
199998 45604
