0 0
500 448058
1000 1165477
1500 2215644
2000 3694908
2500 4600474
3000 5874294
3500 7132139
4000 7716624
4500 9503090
5000 12145984
5500 16427810
6000 16643577
6500 19788393
7000 18173579
7500 18754533
8000 19861517
8500 20157526
9000 21331065
9500 22541894
10000 22894925
10500 23605707
11000 25096559
11500 26891470
12000 28588565
12500 29480841
13000 29132429
13500 35151828
14000 52191873
14500 40646384
15000 39388277
15500 39955239
16000 38875417
16500 40537131
17000 41762176
17500 40596865
18000 41081128
18500 42638274
19000 43394093
19500 44671751
20000 47017391
20500 46965978
21000 48168277
21500 59684251
22000 74750704
22500 68076703
23000 63634682
23500 64991927
24000 72278174
24500 73407423
25000 75905639
25500 75544106
26000 78282140
26500 79113209
27000 81879125
27500 85907883
28000 83750888
28500 81123739
29000 76318916
29500 78499078
30000 85693718
30500 76234592
31000 91769326
31500 110627153
32000 107530622
32500 93604052
33000 110498948
33500 89548347
34000 84768087
34500 83519376
35000 81337457
35500 82133967
36000 83157111
36500 84737231
37000 85656065
37500 86705289
38000 87787927
38500 89246876
39000 92416116
39500 93289477
40000 92573951
40500 93427455
41000 113950763
41500 113120574
42000 97394811
42500 94860096
43000 87365732
43500 84441785
44000 86016666
44500 84730130
45000 84967259
45500 84981163
46000 82167754
46500 83871870
47000 83881377
47500 84914108
48000 86910082
48500 95771419
49000 103923946
49500 108277956
50000 108170015
50500 149837676
51000 132834198
51500 127272283
52000 120473004
52500 121009092
53000 118402615
53500 138357921
54000 163754917
54500 135634516
55000 133649698
55500 166622746
56000 143095477
56500 131854701
57000 133059011
57500 131533909
58000 132650581
58500 134636562
59000 133696744
59500 133096058
60000 140424033
60500 150590859
61000 162029701
61500 159212742
62000 159598532
62500 150351192
63000 161476756
63500 191196821
64000 217114857
64500 165154519
65000 162302931
65500 153135794
66000 174629130
66500 204879521
67000 179016841
67500 201670176
68000 170555922
68500 159174858
69000 160902843
69500 167452376
70000 167632312
70500 168553802
71000 176596692
71500 181596373
72000 181373139
72500 190191769
73000 203218708
73500 215513628
74000 234414075
74500 221911924
75000 198511257
75500 179284504
76000 184572987
76500 189205651
77000 193438383
77500 200845149
78000 182072167
78500 181731968
79000 182951200
79500 184459668
80000 205384099
80500 253992962
81000 212799690
81500 198567846
82000 193654112
82500 194983963
83000 197469801
83500 196280244
84000 197777916
84500 199060422
85000 201455030
85500 200821565
86000 201054212
86500 228793144
87000 212876488
87500 251473671
88000 229688406
88500 207272643
89000 207504107
89500 209525275
90000 212317551
90500 210553850
91000 211485674
91500 212845050
92000 215864592
92500 217406353
93000 216205075
93500 217202378
94000 219405381
94500 223198861
95000 220936599
95500 226251825
96000 278571380
96500 234350211
97000 230348747
97500 229996543
98000 303290986
98500 389116054
99000 331596507
99500 274850605
100000 249039004
100500 221998900
101000 206279998
101500 208953586
102000 194161136
102500 189764185
103000 313201125
103500 299505430
104000 277695961
104500 325124221
105000 256061866
105500 244623448
106000 237238548
106500 245483651
107000 258154554
107500 265616849
108000 309069605
108500 254675477
109000 236714422
109500 238453982
110000 239423335
110500 271370812
111000 269167730
111500 284655960
112000 275235457
112500 279339850
113000 271742788
113500 271405702
114000 273744834
114500 309093705
115000 258623780
115500 233112606
116000 224284251
116500 219734190
117000 279570265
117500 302332430
118000 288307241
118500 260584041
119000 255961138
119500 297910674
120000 297444689
120500 268124216
121000 218178745
121500 204203845
122000 194308208
122500 191912949
123000 193727743
123500 204494318
124000 213008279
124500 237789171
125000 209634905
125500 209401785
126000 205955486
126500 214213404
127000 217363592
127500 215009724
128000 227881183
128500 220694316
129000 220989771
129500 217473885
130000 219545519
130500 220935422
131000 224000375
131500 234402993
132000 237225755
132500 232857193
133000 224150588
133500 227553940
134000 225915630
134500 228235723
135000 228999286
135500 229744259
136000 229933006
136500 237570419
137000 240639619
137500 234728936
138000 234159511
138500 234597474
139000 238694378
139500 242185800
140000 262501804
140500 244843355
141000 241024600
141500 240632556
142000 257856815
142500 263351621
143000 259725585
143500 253253197
144000 258205004
144500 258457521
145000 278427016
145500 264300936
146000 253352579
146500 257884211
147000 258678168
147500 260369171
148000 260602083
148500 258614001
149000 261354869
149500 263640185
150000 262799233
150500 279304754
151000 270880935
151500 276311761
152000 270531421
152500 287539544
153000 280442875
153500 276112898
154000 284715313
154500 280754122
155000 276918638
155500 274721176
156000 278535238
156500 278356782
157000 287962334
157500 286643092
158000 298004947
158500 292509443
159000 286047038
159500 291578549
160000 288244822
160500 286903344
161000 304562969
161500 321739182
162000 304582988
162500 307175034
163000 295377278
163500 297509075
164000 296354892
164500 310738469
165000 303228394
165500 302482621
166000 309877105
166500 303794923
167000 310130291
167500 328485706
168000 317952115
168500 316165869
169000 315356754
169500 316820927
170000 313303730
170500 314696102
171000 321210852
171500 337809853
172000 510687042
172500 565612483
173000 399634115
173500 331617433
174000 332498720
174500 336972228
175000 333253946
175500 354443163
176000 356039514
176500 343065966
177000 346068724
177500 349502867
178000 445112790
178500 375789569
179000 595562587
179500 724632165
180000 783439471
180500 943019984
181000 728217552
181500 727173957
182000 633080821
182500 457161897
183000 357949674
183500 359141005
184000 359092881
184500 370416292
185000 376550715
185500 370727616
186000 370974486
186500 358677682
187000 365417034
187500 366796814
188000 495234129
188500 494643005
189000 373541309
189500 364312593
190000 362296388
190500 372038850
191000 385938847
191500 376114031
192000 376162219
192500 393361124
193000 376801580
193500 387447961
194000 391412378
194500 391211347
195000 396798365
195500 386861557
196000 408767859
196500 398451536
197000 399571274
197500 402583845
198000 391022563
198500 409823247
199000 427638953
199500 429523367
199998 572684843
