0 0
500 65195
1000 47233
1500 110821
2000 25617
2500 29442
3000 188392
3500 22533
4000 22639
4500 22726
5000 29202
5500 353330
6000 22519
6500 22506
7000 22636
7500 22419
8000 22475
8500 22358
9000 22606
9500 22509
10000 22622
10500 37043
11000 723101
11500 22346
12000 22569
12500 23468
13000 22613
13500 22346
14000 22620
14500 22920
15000 22974
15500 22606
16000 22523
16500 22847
17000 25513
17500 22920
18000 23766
18500 22740
19000 23031
19500 23164
20000 23151
20500 22996
21000 23107
21500 22974
22000 1353348
22500 23481
23000 23691
23500 23194
24000 23268
24500 25914
25000 23245
25500 23090
26000 23090
26500 22943
27000 23030
27500 23200
28000 22779
28500 23044
29000 22816
29500 22980
30000 23245
30500 22897
31000 23491
31500 23087
32000 22914
32500 23408
33000 23084
33500 22937
34000 22980
34500 22900
35000 23608
35500 23111
36000 23000
36500 22693
37000 23061
37500 23057
38000 22796
38500 23357
39000 23909
39500 23004
40000 23144
40500 23154
41000 22990
41500 22904
42000 22717
42500 24434
43000 22790
43500 22857
44000 2089629
44500 23498
45000 23651
45500 23792
46000 23973
46500 23999
47000 23792
47500 23294
48000 23759
48500 22976
49000 22897
49500 23114
50000 23434
50500 22920
51000 22856
51500 23164
52000 22746
52500 23437
53000 22827
53500 22780
54000 26104
54500 23558
55000 23184
55500 23686
56000 22790
56500 22396
57000 23528
57500 25439
58000 23067
58500 23178
59000 22776
59500 22994
60000 23003
60500 23328
61000 22794
61500 23254
62000 23318
62500 23705
63000 22650
63500 23050
64000 23498
64500 22823
65000 22850
65500 22743
66000 22893
66500 22820
67000 23151
67500 22940
68000 22793
68500 23227
69000 23171
69500 23472
70000 22910
70500 22936
71000 23141
71500 22690
72000 22793
72500 22873
73000 23505
73500 23264
74000 23057
74500 22943
75000 22987
75500 23495
76000 22757
76500 23004
77000 22766
77500 22953
78000 23388
78500 22829
79000 22753
79500 23077
80000 22770
80500 22803
81000 22796
81500 22713
82000 22873
82500 22943
83000 23639
83500 22727
84000 22773
84500 22920
85000 23097
85500 22746
86000 22673
86500 22924
87000 22703
87500 22903
88000 5013153
88500 30658
89000 23100
89500 23177
90000 22413
90500 22726
91000 22302
91500 22817
92000 22763
92500 22566
93000 23271
93500 22786
94000 26511
94500 25707
95000 25690
95500 26031
96000 25744
96500 25536
97000 25914
97500 25944
98000 23147
98500 23762
99000 23264
99500 23442
100000 23853
100500 22973
101000 22976
101500 23120
102000 23485
102500 23161
103000 22823
103500 23565
104000 23405
104500 23224
105000 31924
105500 22980
106000 22793
106500 23007
107000 22800
107500 22890
108000 23190
108500 23084
109000 22897
109500 23173
110000 23104
110500 23705
111000 23000
111500 22880
112000 23027
112500 22950
113000 23000
113500 22916
114000 22823
114500 23412
115000 23745
115500 22940
116000 23257
116500 23294
117000 23344
117500 41653
118000 23097
118500 23141
119000 23301
119500 23131
120000 23983
120500 23408
121000 23128
121500 23250
122000 23221
122500 23177
123000 23538
123500 23471
124000 23281
124500 23368
125000 23131
125500 23144
126000 23732
126500 23308
127000 23942
127500 23645
128000 23201
128500 23314
129000 23361
129500 23318
130000 23471
130500 24234
131000 23264
131500 23665
132000 23114
132500 23679
133000 23321
133500 23411
134000 23348
134500 23365
135000 23371
135500 23444
136000 23328
136500 23230
137000 23568
137500 23304
138000 23318
138500 23194
139000 23147
139500 23211
140000 23428
140500 23147
141000 23532
141500 23024
142000 23338
142500 23391
143000 23287
143500 23591
144000 23097
144500 23114
145000 23354
145500 23625
146000 23127
146500 23535
147000 23201
147500 23555
148000 23174
148500 23114
149000 23514
149500 23885
150000 23451
150500 23180
151000 23364
151500 35943
152000 23862
152500 23287
153000 23548
153500 23244
154000 23277
154500 23270
155000 23137
155500 23404
156000 23411
156500 23188
157000 23502
157500 23521
158000 23074
158500 23628
159000 23455
159500 23562
160000 24066
160500 23438
161000 23351
161500 23775
162000 23455
162500 23498
163000 23605
163500 23241
164000 23618
164500 23053
165000 23675
165500 23685
166000 23785
166500 24237
167000 23240
167500 23294
168000 23488
168500 23144
169000 23087
169500 23365
170000 23328
170500 23581
171000 23492
171500 23394
172000 23401
172500 23424
173000 23007
173500 23789
174000 23188
174500 23168
175000 24026
175500 9640822
176000 29629
176500 26241
177000 24083
177500 23935
178000 24019
178500 26358
179000 23775
179500 23826
180000 23207
180500 23983
181000 24765
181500 23221
182000 23555
182500 23154
183000 23174
183500 23712
184000 23514
184500 23334
185000 23297
185500 23728
186000 23271
186500 23414
187000 26676
187500 23144
188000 32459
188500 23435
189000 23468
189500 23615
190000 23678
190500 23164
191000 23809
191500 23364
192000 23588
192500 23287
193000 23258
193500 23164
194000 23064
194500 23268
195000 23885
195500 23037
196000 23114
196500 22941
197000 23715
197500 24160
198000 23261
198500 23144
199000 23114
199500 23057
199998 23191
