0 0
500 80989
1000 83449
1500 136134
2000 89073
2500 123570
3000 108990
3500 99103
4000 93639
4500 102869
5000 101929
5500 104501
6000 106628
6500 103333
7000 117357
7500 119836
8000 151696
8500 112373
9000 139944
9500 113264
10000 115383
10500 123579
11000 142014
11500 119856
12000 123997
12500 119195
13000 116655
13500 129628
14000 113685
14500 178384
15000 123436
15500 212602
16000 116311
16500 130085
17000 129702
17500 155737
18000 138873
18500 151381
19000 132672
19500 133150
20000 151439
20500 132375
21000 140951
21500 131146
22000 125770
22500 132858
23000 143689
23500 139462
24000 144600
24500 132251
25000 127589
25500 135418
26000 141931
26500 134530
27000 129198
27500 130576
28000 131728
28500 220616
29000 134124
29500 127955
30000 137495
30500 128854
31000 128760
31500 138899
32000 131088
32500 135387
33000 152160
33500 214835
34000 199460
34500 180804
35000 243653
35500 194529
36000 182746
36500 172941
37000 173983
37500 191549
38000 169916
38500 172004
39000 183579
39500 172396
40000 173226
40500 174833
41000 243081
41500 177485
42000 192513
42500 170858
43000 171531
43500 185120
44000 171465
44500 188482
45000 202541
45500 200619
46000 185120
46500 178912
47000 171755
47500 166677
48000 176210
48500 171191
49000 172674
49500 174271
50000 169146
50500 170225
51000 176373
51500 181884
52000 327537
52500 232914
53000 175085
53500 173639
54000 176288
54500 176148
55000 181678
55500 174552
56000 170130
56500 172116
57000 184086
57500 171119
58000 188846
58500 185043
59000 179530
59500 170615
60000 180670
60500 173897
61000 177182
61500 180303
62000 173395
62500 169984
63000 176967
63500 171542
64000 200527
64500 177092
65000 188027
65500 182270
66000 240205
66500 232464
67000 210159
67500 213787
68000 236150
68500 215519
69000 219689
69500 249885
70000 201126
70500 216078
71000 222619
71500 258342
72000 210642
72500 203637
73000 206427
73500 217333
74000 203345
74500 211628
75000 216875
75500 209026
76000 232348
76500 222135
77000 219296
77500 208297
78000 283772
78500 201349
79000 210935
79500 221690
80000 206893
80500 201756
81000 308856
81500 300595
82000 299215
82500 315189
83000 293836
83500 301350
84000 296628
84500 295048
85000 295861
85500 300334
86000 292424
86500 296050
87000 295686
87500 310082
88000 297989
88500 295366
89000 294039
89500 299389
90000 298936
90500 293275
91000 292450
91500 298658
92000 299882
92500 305168
93000 295669
93500 302757
94000 297873
94500 294867
95000 295826
95500 295641
96000 298476
96500 290368
97000 310011
97500 296821
98000 296426
98500 295525
99000 296560
99500 295495
100000 298974
100500 299128
101000 297173
101500 295907
102000 301419
102500 297313
103000 296523
103500 296116
104000 298350
104500 300438
105000 295431
105500 298902
106000 298289
106500 295935
107000 292127
107500 296540
108000 297737
108500 299492
109000 293432
109500 299655
110000 294022
110500 294149
111000 294501
111500 308980
112000 295004
112500 292081
113000 301285
113500 300188
114000 296104
114500 295082
115000 296325
115500 292605
116000 294893
116500 305798
117000 298925
117500 299369
118000 295045
118500 299894
119000 291928
119500 308926
120000 297336
120500 299529
121000 307632
121500 297955
122000 295956
122500 295620
123000 293395
123500 298117
124000 295625
124500 291871
125000 295669
125500 300909
126000 315197
126500 294437
127000 295652
127500 301016
128000 293736
128500 291454
129000 294572
129500 295348
130000 298097
130500 294540
131000 307657
131500 320439
132000 319338
132500 318697
133000 322027
133500 318892
134000 319104
134500 320395
135000 321146
135500 332071
136000 318145
136500 318866
137000 318161
137500 317913
138000 324016
138500 318895
139000 316114
139500 322821
140000 321758
140500 317562
141000 319091
141500 319249
142000 322242
142500 321635
143000 322629
143500 323004
144000 319422
144500 316886
145000 332644
145500 322042
146000 319476
146500 326203
147000 319828
147500 320433
148000 319696
148500 318814
149000 318411
149500 329178
150000 314567
150500 322999
151000 322176
151500 321606
152000 320054
152500 321900
153000 323125
153500 322989
154000 329322
154500 325089
155000 318511
155500 319702
156000 319126
156500 317854
157000 318261
157500 319215
158000 322841
158500 323273
159000 317500
159500 325136
160000 317938
160500 315599
161000 317260
161500 320488
162000 318107
162500 322191
163000 320387
163500 331735
164000 319728
164500 318499
165000 319852
165500 318181
166000 316801
166500 321497
167000 320206
167500 318978
168000 332014
168500 321017
169000 320089
169500 316959
170000 321257
170500 323958
171000 313462
171500 319444
172000 324127
172500 331063
173000 322906
173500 318660
174000 322589
174500 318225
175000 319201
175500 319207
176000 327146
176500 315034
177000 319538
177500 330135
178000 317715
178500 319710
179000 318036
179500 320384
180000 322623
180500 321664
181000 319782
181500 318731
182000 324785
182500 319392
183000 319538
183500 317245
184000 321366
184500 326767
185000 317594
185500 317800
186000 319622
186500 333479
187000 316429
187500 318766
188000 323388
188500 321515
189000 308782
189500 296937
190000 297173
190500 296095
191000 296005
191500 305717
192000 302332
192500 293168
193000 298260
193500 297671
194000 295509
194500 297849
195000 294647
195500 297623
196000 298515
196500 304325
197000 297488
197500 297192
198000 291885
198500 295466
199000 297513
199500 294860
199998 298621
